HostName TimeStamp  r  b   swpd   free   buff  cache   si   so    bi    bo   in   cs us sy id wa st
bigdata-proj-w-1 1547542357 12  0      0 13116316 201196 668784    0    0    26    52  121  179  2  0 97  0  0
bigdata-proj-w-1 1547542358  0  0      0 13100500 204452 677028    0    0  4744     0 2463 2454  1  4 78 16  0
bigdata-proj-w-1 1547542359  0  0      0 13099912 204452 677072    0    0     0     0 3111  615  1  1 98  0  0
bigdata-proj-w-1 1547542360  0  0      0 13099664 204452 677076    0    0     0     0 3889  613  1  1 98  0  0
bigdata-proj-w-1 1547542361  0  0      0 13099192 204452 677080    0    0     0  2500 3546  661  0  1 99  0  0
bigdata-proj-w-1 1547542362  0  0      0 13099688 204452 677088    0    0     0     0 3610  633  0  1 98  0  0
bigdata-proj-w-1 1547542363  1  0      0 13090716 204464 682040    0    0   516     0 3244  998  2  4 93  2  0
bigdata-proj-w-1 1547542364  0  0      0 13086784 205240 692560    0    0  2424  3576  946  933  1  4 84 11  0
bigdata-proj-w-1 1547542365  0  0      0 13083160 205240 692964    0    0     0     0 1413  655  1  2 97  0  0
bigdata-proj-w-1 1547542366  0  1      0 13082232 205240 693316    0    0     0  1156 4064  730  1  2 98  0  0
bigdata-proj-w-1 1547542367  0  0      0 13082464 205240 693316    0    0     0     4 3736  643  1  1 98  0  0
bigdata-proj-w-1 1547542368  0  0      0 13082108 205244 693312    0    0     0   172 4434  806  1  1 98  0  0
bigdata-proj-w-1 1547542369  2  0      0 13011532 205256 693896    0    0     0   188 5921 2895 26  4 70  0  0
bigdata-proj-w-1 1547542370  2  0      0 12940604 205336 698144    0    0    60     0 5142 2901 47  9 44  0  0
bigdata-proj-w-1 1547542371  0  0      0 12792580 205396 714312    0    0  1568   636 2213 2332 43  7 48  2  0
bigdata-proj-w-1 1547542372  0  0      0 12788596 205396 714368    0    0     0    28 3255  773  1  2 97  0  0
bigdata-proj-w-1 1547542373  3  0      0 12707616 205396 714556    0    0     0   228 5659 2002 46  3 51  0  0
bigdata-proj-w-1 1547542374  5  0      0 12563924 205396 714556    0    0     0     0 6448 1710 67  4 29  0  0
bigdata-proj-w-1 1547542375  3  0      0 12557600 205400 714572    0    0     0   212 5933 1987 59  2 39  0  0
bigdata-proj-w-1 1547542376  1  0      0 12346168 205400 714648    0    0     0     0 7195 1854 38  5 57  0  0
bigdata-proj-w-1 1547542377  1  0      0 12300076 205428 717896    0    0   244 28356 4065 1085 35  5 59  1  0
bigdata-proj-w-1 1547542378  1  0      0 12058236 205436 719616    0    0     0  2320 4356 2772 32  6 62  1  0
bigdata-proj-w-1 1547542379  1  0      0 12007724 205444 719768    0    0     0   528 5949 2541 29  2 67  1  0
bigdata-proj-w-1 1547542380  1  0      0 12006260 205464 719924    0    0     0  1216 6843 3860 22  2 74  2  0
bigdata-proj-w-1 1547542381  1  1      0 11997088 205492 720108    0    0     0  1292 6619 3251 41  2 55  2  0
bigdata-proj-w-1 1547542382  3  0      0 11971572 205504 720468    0    0     0  1592 7166 3462 47  3 48  2  0
bigdata-proj-w-1 1547542383  4  0      0 11901732 205516 721800    0    0     0  2008 6381 5168 39  6 51  3  0
bigdata-proj-w-1 1547542384  2  1      0 11898208 205544 721984    0    0     0  2052 4537 4066 28  5 63  4  0
bigdata-proj-w-1 1547542385  2  0      0 11898560 205556 722328    0    0     0  1456 6632 2894 48  4 45  3  0
bigdata-proj-w-1 1547542386  1  0      0 11861572 205560 722744    0    0     0  1908 7175 3939 23  4 69  3  0
bigdata-proj-w-1 1547542387  1  0      0 11680812 205588 723308    0    0     0  1680 6437 3057 19  5 72  3  0
bigdata-proj-w-1 1547542388  1  0      0 11624852 205612 723396    0    0     0  2252 8296 5535 27  4 65  4  0
bigdata-proj-w-1 1547542389  3  0      0 11613412 205672 724928    0    0     0  2164 5971 3723 26  6 65  3  0
bigdata-proj-w-1 1547542390  4  0      0 11611420 205720 725984    0    0     0  2148 3304 3509 39  4 54  3  0
bigdata-proj-w-1 1547542391  1  0      0 11607036 205728 726256    0    0     0  2456 8032 5500 41  4 53  2  0
bigdata-proj-w-1 1547542392  1  0      0 11572572 205776 726452    0    0     0  2844 6851 3462 30  3 65  3  0
bigdata-proj-w-1 1547542393  1  0      0 11573252 205808 726828    0    0     0  1996 6827 3548 21  3 75  2  0
bigdata-proj-w-1 1547542394  1  0      0 11574928 205820 727424    0    0     0  2220 7124 3921 22  2 74  2  0
bigdata-proj-w-1 1547542395  1  0      0 11572424 205852 727564    0    0     0  2008 6725 3435 19  3 76  3  0
bigdata-proj-w-1 1547542396  1  0      0 11495620 205876 729168    0    0     0  2452 5186 5919 24  5 69  2  0
bigdata-proj-w-1 1547542397  1  0      0 11286380 205908 729364    0    0     0 11620 6637 3032 23  8 66  3  0
bigdata-proj-w-1 1547542398  1  0      0 11280840 205956 729768    0    0     0  1740 6566 3177 25  3 70  2  0
bigdata-proj-w-1 1547542399  0  1      0 11281636 205992 730132    0    0     0  1880 6621 3122 20  2 75  3  0
bigdata-proj-w-1 1547542400  3  0      0 11282268 205996 730400    0    0     0  1728 6520 3074 22  2 73  3  0
bigdata-proj-w-1 1547542401  0  0      0 11283332 206012 730720    0    0     0  1776 6766 3197 23  3 72  2  0
bigdata-proj-w-1 1547542402  2  0      0 11273284 206032 731876    0    0     0 20380 5608 5628 32  5 60  3  0
bigdata-proj-w-1 1547542403  0  0      0 11267948 206048 732256    0    0     0  2004 5082 3371 24  4 69  3  0
bigdata-proj-w-1 1547542404  1  0      0 11268568 206080 732800    0    0     0  2036 7060 3567 23  3 72  3  0
bigdata-proj-w-1 1547542405  1  0      0 11269484 206120 733196    0    0     0  2000 6771 3291 24  2 71  3  0
bigdata-proj-w-1 1547542406  1  0      0 11266972 206136 733748    0    0     0  2024 7031 3655 24  3 70  3  0
bigdata-proj-w-1 1547542407  3  0      0 11268672 206160 734088    0    0     0  1756 7076 3818 22  3 72  3  0
bigdata-proj-w-1 1547542408  1  0      0 11273800 206204 735140    0    0     0  4748 6248 5612 24  7 67  2  0
bigdata-proj-w-1 1547542409  1  0      0 11168008 206216 735416    0    0     0  1920 4513 3342 25  5 68  3  0
bigdata-proj-w-1 1547542410  1  0      0 10933872 206228 735852    0    0     0  1444 6197 2675 21  6 71  3  0
bigdata-proj-w-1 1547542411  1  1      0 10913704 206244 736180    0    0     0  2032 6898 3425 24  4 70  3  0
bigdata-proj-w-1 1547542412  1  0      0 10912284 206284 736604    0    0     0  2188 6984 3592 20  4 73  3  0
bigdata-proj-w-1 1547542413  3  1      0 10910064 206304 737092    0    0     0  3356 7243 3956 20  3 73  3  0
bigdata-proj-w-1 1547542414  0  0      0 10914516 206340 738132    0    0     0  2772 7250 6099 28  6 64  3  0
bigdata-proj-w-1 1547542415  1  0      0 10904016 206356 738572    0    0     0  1948 3706 3374 20  4 73  3  0
bigdata-proj-w-1 1547542416  1  0      0 10901592 206396 739160    0    0     0  2008 6742 3411 19  4 75  3  0
bigdata-proj-w-1 1547542417  1  0      0 10899780 206428 739612    0    0     0  2236 6861 3584 23  3 71  3  0
bigdata-proj-w-1 1547542418  0  0      0 10900956 206444 739900    0    0     0  3156 6748 3304 20  3 74  3  0
bigdata-proj-w-1 1547542419  1  0      0 10901092 206464 740416    0    0     0  2000 6572 3298 20  3 75  3  0
bigdata-proj-w-1 1547542420  1  0      0 10902560 206472 741408    0    0     0  2452 7347 5543 22  6 69  3  0
bigdata-proj-w-1 1547542421  0  1      0 10901460 206508 741840    0    0     0  2380 3717 4137 21  3 74  3  0
bigdata-proj-w-1 1547542422  2  0      0 10901812 206528 742168    0    0     0  2016 6732 3405 21  3 74  3  0
bigdata-proj-w-1 1547542423  0  1      0 10899824 206560 742468    0    0     0  3832 6703 3281 20  2 75  3  0
bigdata-proj-w-1 1547542424  0  1      0 10888704 206596 743108    0    0     0  1968 7121 3526 23  5 70  3  0
bigdata-proj-w-1 1547542425  2  0      0 10862004 206616 743320    0    0     0  1948 6656 3201 22  3 72  3  0
bigdata-proj-w-1 1547542426  1  0      0 10850912 206640 744896    0    0     0  2036 6545 3361 21  4 72  3  0
bigdata-proj-w-1 1547542427  2  0      0 10857148 206672 745192    0    0     0  2500 5308 6532 26  6 66  3  0
bigdata-proj-w-1 1547542428  2  0      0 10855508 206700 745284    0    0     0  3764 6216 3357 22  4 70  3  0
bigdata-proj-w-1 1547542429  1  1      0 10856572 206700 745896    0    0     0  1908 6633 3089 20  3 75  3  0
bigdata-proj-w-1 1547542430  2  0      0 10854500 206712 746200    0    0     0  1848 6678 3269 22  3 73  3  0
bigdata-proj-w-1 1547542431  3  0      0 10855516 206720 746656    0    0     0  1996 6620 3246 21  2 74  3  0
bigdata-proj-w-1 1547542432  0  1      0 10840516 206744 746828    0    0     0  1796 6577 3027 21  2 74  3  0
bigdata-proj-w-1 1547542433  2  0      0 10843088 206764 748488    0    0     0  3176 3573 3262 21  4 73  3  0
bigdata-proj-w-1 1547542434  2  0      0 10838640 206800 748804    0    0     0  1992 5572 3537 22  4 72  2  0
bigdata-proj-w-1 1547542435  2  1      0 10840344 206820 748896    0    0     0  2532 9264 6532 26  5 68  2  0
bigdata-proj-w-1 1547542436  2  0      0 10838808 206836 749040    0    0     0  1944 6877 3379 22  3 72  3  0
bigdata-proj-w-1 1547542437  4  0      0 10836960 206848 749372    0    0     0  1996 6729 3231 21  2 74  3  0
bigdata-proj-w-1 1547542438  1  1      0 10838808 206856 749796    0    0     0  1976 6613 3156 20  2 75  2  0
bigdata-proj-w-1 1547542439  1  0      0 10834548 206856 751324    0    0     0  1852 4117 3067 20  4 74  2  0
bigdata-proj-w-1 1547542440  0  1      0 10827756 206868 751420    0    0     0  2324 6206 5477 21  4 73  2  0
bigdata-proj-w-1 1547542441  1  0      0 10828480 206880 751612    0    0     0  1924 6953 3589 21  3 74  2  0
bigdata-proj-w-1 1547542442  1  0      0 10829544 206916 752144    0    0     0  1988 6657 3293 21  3 74  3  0
bigdata-proj-w-1 1547542443  1  0      0 10830896 206960 752404    0    0     0  3048 6652 3241 19  2 76  3  0
bigdata-proj-w-1 1547542444  2  0      0 10828492 206980 752960    0    0     0  1988 6796 3301 24  3 71  3  0
bigdata-proj-w-1 1547542445  2  0      0 10831776 206992 754252    0    0     0  1888 4836 3101 22  5 71  3  0
bigdata-proj-w-1 1547542446  1  0      0 10831136 207008 754704    0    0     0  2540 5950 6107 23  5 69  3  0
bigdata-proj-w-1 1547542447  1  1      0 10829060 207024 755004    0    0     0  1908 6616 3042 21  2 74  3  0
bigdata-proj-w-1 1547542448  1  0      0 10822392 207040 755288    0    0     0  2884 6648 3154 23  3 71  3  0
bigdata-proj-w-1 1547542449  0  0      0 10820312 207104 755760    0    0     0  2432 7190 3724 20  3 73  4  0
bigdata-proj-w-1 1547542450  0  0      0 10821688 207124 756280    0    0     0  2460 7162 3743 20  3 73  4  0
bigdata-proj-w-1 1547542451  1  0      0 10822944 207136 758552    0    0     0  2200 7621 5602 30  7 61  2  0
bigdata-proj-w-1 1547542452  1  0      0 10807568 207136 758552    0    0     0   156 1709 1391 35  3 62  1  0
bigdata-proj-w-1 1547542453  0  0      0 13007328 207136 756636    0    0     0   132 5124 1649  8  5 88  0  0
