1 1.7826235639518944E10                                                           
2 8.795699599219826E9
3 5.25868166065177E9
4 3.556197601432826E9
5 2.518160299885845E9
6 1.811827437966726E9
7 1.3382735781077542E9
8 1.04398850493747E9
9 7.972751495760305E8
10 6.32352715431937E8

1 1.7826235639518944E10
2 8.795694249555342E9
3 5.25868166065177E9
4 3.556197601432826E9
5 2.5170717953758965E9
6 1.8766084836461978E9
7 1.3805349190363488E9
8 1.0013610680763927E9
9 7.972751495760305E8
10 7.69876107181453E8
