HostName TimeStamp  r  b   swpd   free   buff  cache   si   so    bi    bo   in   cs us sy id wa st
bigdata-proj-w-2 1547550037  1  1      0 13711732 160044 452760    0    0   148   120  132  200  2  1 96  2  0
bigdata-proj-w-2 1547550038  3  0      0 13696348 163296 460976    0    0  4728     0 2560 2323  2  3 79 17  0
bigdata-proj-w-2 1547550039  0  0      0 13696496 163296 460988    0    0     0    60 3225  540  0  1 99  0  0
bigdata-proj-w-2 1547550040  0  0      0 13695992 163296 461008    0    0     0     0 3466  594  0  1 99  0  0
bigdata-proj-w-2 1547550041  0  0      0 13695860 163296 461016    0    0     0   508 3831  631  1  1 98  0  0
bigdata-proj-w-2 1547550042  0  0      0 13695736 163296 461036    0    0     0     0 3556  539  0  1 99  0  0
bigdata-proj-w-2 1547550043  1  0      0 13688072 163348 465364    0    0    28  3576 3031  632  2  3 94  1  0
bigdata-proj-w-2 1547550044  0  0      0 13665164 164092 478172    0    0  3396    60 1525 1516  6  4 76 14  0
bigdata-proj-w-2 1547550045  0  0      0 13661956 164092 478252    0    0     0     0 1676  656  0  2 98  0  0
bigdata-proj-w-2 1547550046  0  0      0 13654352 164096 478248    0    0    44  1152 4534  664  9  1 90  0  0
bigdata-proj-w-2 1547550047  0  0      0 13659716 164096 478284    0    0     0     0 4287  594  1  1 98  0  0
bigdata-proj-w-2 1547550048  0  0      0 13660204 164096 478288    0    0     0     0 4079  574  1  1 98  0  0
bigdata-proj-w-2 1547550049  0  0      0 13660064 164096 478292    0    0     0     0 4083  627  1  0 99  0  0
bigdata-proj-w-2 1547550050  0  0      0 13661988 164124 479656    0    0     0     0 3375  708  2  3 95  0  0
bigdata-proj-w-2 1547550051  0  0      0 13658624 164128 479704    0    0     0   196  584  652  1  2 97  0  0
bigdata-proj-w-2 1547550052  0  0      0 13658516 164128 479704    0    0     0     0 4309  561  0  1 99  0  0
bigdata-proj-w-2 1547550053  0  0      0 13658640 164128 479704    0    0     0     0 4068  658  0  1 99  0  0
bigdata-proj-w-2 1547550054  0  0      0 13658020 164128 479828    0    0     0     0 4475  727  1  1 98  0  0
bigdata-proj-w-2 1547550055  0  0      0 13658408 164128 479828    0    0     0     0 4172  576  1  1 98  0  0
bigdata-proj-w-2 1547550056  1  0      0 13655308 164128 480704    0    0     0    24 4244  628  1  1 98  0  0
bigdata-proj-w-2 1547550057  0  0      0 13657548 164172 483796    0    0    60     0  634  656  1  3 96  0  0
bigdata-proj-w-2 1547550058  0  0      0 13653944 164172 483852    0    0     0     0 3418  650  1  2 97  0  0
bigdata-proj-w-2 1547550059  0  0      0 13654316 164172 483832    0    0     0     0 4253  648  1  1 98  0  0
bigdata-proj-w-2 1547550060  0  0      0 13654168 164172 483832    0    0     0     0 4188  563  0  1 99  0  0
bigdata-proj-w-2 1547550061  0  0      0 13654440 164176 483836    0    0     0   160 3564  602  1  1 98  0  0
bigdata-proj-w-2 1547550062  0  0      0 13654224 164176 483836    0    0     0     0 4177  644  0  1 99  0  0
bigdata-proj-w-2 1547550063  0  0      0 13656620 164176 484792    0    0     0     0 1368  618  1  3 96  0  0
bigdata-proj-w-2 1547550064  0  0      0 13652496 164176 484968    0    0     0 16172 2978  796  1  2 97  0  0
bigdata-proj-w-2 1547550065  0  0      0 13652960 164176 484968    0    0     0     0 4050  637  0  2 98  0  0
bigdata-proj-w-2 1547550066  0  0      0 13652464 164184 484960    0    0     0   188 3863  565  1  1 99  0  0
bigdata-proj-w-2 1547550067  0  0      0 13652620 164184 484980    0    0     0     0 3120  552  1  1 98  0  0
bigdata-proj-w-2 1547550068  0  0      0 13652496 164184 484980    0    0     0     0 4130  608  0  1 99  0  0
bigdata-proj-w-2 1547550069  0  0      0 13655604 164184 485904    0    0     0     0 1811  625  2  3 96  0  0
bigdata-proj-w-2 1547550070  0  0      0 13651808 164184 485964    0    0     0     0 2169  596  0  2 98  0  0
bigdata-proj-w-2 1547550071  0  0      0 13652008 164192 485960    0    0     0    56 3714  637  1  1 98  0  0
bigdata-proj-w-2 1547550072  1  0      0 13651612 164192 485940    0    0     0     0 3424  582  0  1 99  0  0
bigdata-proj-w-2 1547550073  0  0      0 13652116 164192 485940    0    0     0     0 2877  555  1  0 99  0  0
bigdata-proj-w-2 1547550074  0  0      0 13651644 164192 485936    0    0     0     0 4466  790  1  2 97  0  0
bigdata-proj-w-2 1547550075  0  0      0 13653340 164204 487424    0    0   124     0 2127  643  2  2 96  0  0
bigdata-proj-w-2 1547550076  0  0      0 13650520 164212 487480    0    0     0    96 1403  658  1  1 98  0  0
bigdata-proj-w-2 1547550077  0  0      0 13650264 164212 487484    0    0     0     0 3781  617  1  1 99  0  0
bigdata-proj-w-2 1547550078  1  0      0 13649744 164212 487484    0    0     0     0 3212  547  1  1 98  0  0
bigdata-proj-w-2 1547550079  0  0      0 13650032 164212 487488    0    0     0     0 3323  529  1  0 99  0  0
bigdata-proj-w-2 1547550080  0  0      0 13649784 164212 487492    0    0     0     0 3955  624  1  1 98  0  0
bigdata-proj-w-2 1547550081  0  0      0 13652272 164220 488332    0    0     0    48 2666  625  1  3 96  0  0
bigdata-proj-w-2 1547550082  1  0      0 13649296 164220 488376    0    0     0     0  812  611  1  2 97  0  0
bigdata-proj-w-2 1547550083  0  0      0 13648924 164220 488376    0    0     0     0 4197  604  1  1 98  0  0
bigdata-proj-w-2 1547550084  0  0      0 13648428 164220 488380    0    0     0     0 4407  730  1  1 98  0  0
bigdata-proj-w-2 1547550085  0  0      0 13648800 164220 488380    0    0     0     0 3616  579  0  1 98  0  0
bigdata-proj-w-2 1547550086  0  0      0 13649036 164228 488372    0    0     0    32 4153  604  1  0 99  0  0
bigdata-proj-w-2 1547550087  1  0      0 13644212 164228 489248    0    0     0     0 3409  595  1  3 96  0  0
bigdata-proj-w-2 1547550088  0  0      0 13650900 164252 489680    0    0     0     0  499  611  0  1 98  0  0
bigdata-proj-w-2 1547550089  0  0      0 13647332 164252 489744    0    0     0     0 3874  695  1  2 97  0  0
bigdata-proj-w-2 1547550090  0  0      0 13647548 164256 489744    0    0     0  4772 4240  587  1  1 98  0  0
bigdata-proj-w-2 1547550091  0  0      0 13647652 164260 489728    0    0     0   144 3829  607  1  1 98  0  0
bigdata-proj-w-2 1547550092  0  0      0 13647608 164284 489748    0    0     0   200 4369  820  1  1 97  0  0
bigdata-proj-w-2 1547550093  0  0      0 13647856 164284 489752    0    0     0     0 4034  574  1  1 99  0  0
bigdata-proj-w-2 1547550094  0  0      0 13649476 164300 490964    0    0     0     0 1207  773  2  3 95  0  0
bigdata-proj-w-2 1547550095  0  0      0 13646244 164300 491016    0    0     0     0 3175  703  1  2 97  0  0
bigdata-proj-w-2 1547550096  0  0      0 13646120 164300 491016    0    0     0     0 4214  556  1  1 99  0  0
bigdata-proj-w-2 1547550097  0  0      0 13646244 164304 491020    0    0     0   140 4138  590  0  1 99  0  0
bigdata-proj-w-2 1547550098  0  0      0 13646492 164304 491020    0    0     0     0 4161  618  0  1 99  0  0
bigdata-proj-w-2 1547550099  0  0      0 13646252 164304 490996    0    0     0     0 4010  586  0  1 98  0  0
bigdata-proj-w-2 1547550100  0  0      0 13649104 164304 491988    0    0     0     0 1730  635  1  3 96  0  0
bigdata-proj-w-2 1547550101  0  0      0 13644996 164304 491988    0    0     0     0 2552  665  1  2 97  0  0
bigdata-proj-w-2 1547550102  0  0      0 13645252 164308 492044    0    0     0    60 3912  577  1  1 98  0  0
bigdata-proj-w-2 1547550103  0  0      0 13645376 164308 492028    0    0     0     0 3543  595  0  1 99  0  0
bigdata-proj-w-2 1547550104  0  0      0 13645112 164308 492160    0    0     0     0 4282  745  1  2 98  0  0
bigdata-proj-w-2 1547550105  0  0      0 13645112 164308 492032    0    0     0     0 3592  567  0  1 99  0  0
bigdata-proj-w-2 1547550106  0  0      0 13647764 164320 493024    0    0     0     0 2348  656  1  3 95  0  0
bigdata-proj-w-2 1547550107  0  0      0 13644516 164324 493076    0    0     0    92 1788  687  1  2 97  0  0
bigdata-proj-w-2 1547550108  0  0      0 13644392 164324 493076    0    0     0     0 3811  585  1  1 98  0  0
bigdata-proj-w-2 1547550109  0  0      0 13644516 164324 493076    0    0     0     0 3460  595  0  1 99  0  0
bigdata-proj-w-2 1547550110  0  0      0 13644144 164324 493080    0    0     0     0 4172  608  1  1 98  0  0
bigdata-proj-w-2 1547550111  0  0      0 13644392 164324 493080    0    0     0     0 3139  552  0  1 99  0  0
bigdata-proj-w-2 1547550112  0  0      0 13646880 164328 493944    0    0     0    44 2505  633  2  2 96  0  0
bigdata-proj-w-2 1547550113  0  0      0 13643612 164328 493996    0    0     0     0 1182  696  1  2 97  0  0
bigdata-proj-w-2 1547550114  0  0      0 13643092 164328 494052    0    0     0     0 4394  732  1  1 98  0  0
bigdata-proj-w-2 1547550115  0  0      0 13643232 164328 494052    0    0     0     0 3043  562  1  1 99  0  0
bigdata-proj-w-2 1547550116  1  0      0 13643384 164328 494056    0    0     0     0 3749  599  1  1 99  0  0
bigdata-proj-w-2 1547550117  0  0      0 13643404 164336 494048    0    0     0    36 3337  575  1  1 98  0  0
bigdata-proj-w-2 1547550118  0  0      0 13645880 164352 495108    0    0     0     0 3247  612  1  3 96  0  0
bigdata-proj-w-2 1547550119  2  0      0 13644508 164352 495108    0    0     0     0  389  578  1  1 98  0  0
bigdata-proj-w-2 1547550120  0  0      0 13642316 164352 495172    0    0     0     0 3224  569  0  1 99  0  0
bigdata-proj-w-2 1547550121  0  0      0 13642440 164352 495184    0    0     0   120 3239  592  0  1 99  0  0
bigdata-proj-w-2 1547550122  0  0      0 13642192 164352 495184    0    0     0   108 3937  619  1  1 98  0  0
bigdata-proj-w-2 1547550123  0  0      0 13642316 164352 495184    0    0     0     0 3505  571  0  1 99  0  0
bigdata-proj-w-2 1547550124  0  0      0 13641828 164352 495100    0    0     0     0 4423  723  1  2 98  0  0
bigdata-proj-w-2 1547550125  0  0      0 13644440 164352 495964    0    0     0     0  557  646  1  3 96  0  0
bigdata-proj-w-2 1547550126  0  0      0 13641208 164352 496020    0    0     0  2316 3101  655  1  1 98  0  0
bigdata-proj-w-2 1547550127  0  0      0 13641456 164360 496020    0    0     0    92 3487  581  0  1 99  0  0
bigdata-proj-w-2 1547550128  0  0      0 13641084 164360 496020    0    0     0     0 4150  611  0  1 99  0  0
bigdata-proj-w-2 1547550129  0  0      0 13641084 164360 496020    0    0     0     0 3605  566  1  1 99  0  0
bigdata-proj-w-2 1547550130  0  0      0 13641332 164360 496020    0    0     0     0 4033  545  1  0 99  0  0
bigdata-proj-w-2 1547550131  0  0      0 13643564 164368 496956    0    0     0     0 1200  674  1  3 96  0  0
bigdata-proj-w-2 1547550132  0  0      0 13640456 164372 497016    0    0     0    88 2707  620  1  2 97  0  0
bigdata-proj-w-2 1547550133  0  0      0 13640456 164372 497016    0    0     0     0 3944  580  1  1 99  0  0
bigdata-proj-w-2 1547550134  0  0      0 13639588 164372 497096    0    0     0     0 4277  758  1  1 98  0  0
bigdata-proj-w-2 1547550135  0  0      0 13640084 164372 497100    0    0     0     0 3972  560  0  1 99  0  0
bigdata-proj-w-2 1547550136  0  0      0 13640124 164372 497100    0    0     0   976 4065  594  1  1 98  0  0
bigdata-proj-w-2 1547550137  0  0      0 13642736 164376 498072    0    0     0    56 1930  650  1  3 96  0  0
bigdata-proj-w-2 1547550138  0  0      0 13639628 164376 498136    0    0     0     0 2179  579  1  2 97  0  0
bigdata-proj-w-2 1547550139  0  0      0 13639124 164376 498136    0    0     0     0 3934  583  1  1 99  0  0
bigdata-proj-w-2 1547550140  0  0      0 13638356 164376 498136    0    0     0     0 3881  629  0  1 98  0  0
