HostName TimeStamp  r  b   swpd   free   buff  cache   si   so    bi    bo   in   cs us sy id wa st
bigdata-proj-w-0 1547550037 13  0      0 12939364 209496 835752    0    0    12    30  123  152  1  0 98  0  0
bigdata-proj-w-0 1547550038  0  0      0 12934708 209496 835852    0    0     0     0 4154  882  1  2 97  0  0
bigdata-proj-w-0 1547550039  0  0      0 12934328 209496 835876    0    0     0     0 3449  585  0  1 99  0  0
bigdata-proj-w-0 1547550040  0  0      0 12934296 209496 835880    0    0     0     0 4315  667  1  1 98  0  0
bigdata-proj-w-0 1547550041  0  0      0 12934072 209496 835880    0    0     0    76 3732  618  1  1 99  0  0
bigdata-proj-w-0 1547550042  0  0      0 12934788 209496 835872    0    0     0     0 4285  624  1  1 98  0  0
bigdata-proj-w-0 1547550043  0  0      0 12936880 209496 836792    0    0     0     0  656  641  1  2 97  0  0
bigdata-proj-w-0 1547550044  0  0      0 12933404 209496 836844    0    0     0     0 3536  675  1  2 97  0  0
bigdata-proj-w-0 1547550045  0  0      0 12933672 209496 836848    0    0     0     0 3796  607  1  0 99  0  0
bigdata-proj-w-0 1547550046  0  0      0 12933508 209496 836848    0    0     0     0 4270  624  1  1 98  0  0
bigdata-proj-w-0 1547550047  0  0      0 12933520 209496 836848    0    0     0    48 4079  661  1  1 99  0  0
bigdata-proj-w-0 1547550048  0  0      0 12933308 209496 836844    0    0     0     0 4237  603  1  1 98  0  0
bigdata-proj-w-0 1547550049  0  0      0 12936044 209496 837796    0    0     0     0 1272  627  1  3 96  0  0
bigdata-proj-w-0 1547550050  0  0      0 12933056 209496 837796    0    0     0     0 2974  668  1  2 97  0  0
bigdata-proj-w-0 1547550051  0  0      0 12932440 209496 837852    0    0     0     0 3883  592  1  1 98  0  0
bigdata-proj-w-0 1547550052  0  0      0 12932456 209496 837852    0    0     0    92 4358  669  1  1 99  0  0
bigdata-proj-w-0 1547550053  0  0      0 12932160 209496 837852    0    0     0     0 4019  620  1  1 99  0  0
bigdata-proj-w-0 1547550054  0  0      0 12932432 209496 837860    0    0     0    76 4504  829  1  2 97  0  0
bigdata-proj-w-0 1547550055  0  0      0 12932116 209496 841044    0    0     0     0 1973  673  2  3 95  0  0
bigdata-proj-w-0 1547550056  0  0      0 12929708 209496 841044    0    0     0     0 2240  683  1  2 97  0  0
bigdata-proj-w-0 1547550057  0  0      0 12929324 209496 841108    0    0     0     0 4103  611  1  1 99  0  0
bigdata-proj-w-0 1547550058  4  0      0 12928984 209496 841164    0    0    36     0 4793 1087  5  1 92  2  0
bigdata-proj-w-0 1547550059  2  0      0 12823996 209496 841960    0    0     0   220 6330 3294 40  4 55  0  0
bigdata-proj-w-0 1547550060  1  0      0 12765460 209496 842188    0    0     0     0 6138 2893 47  6 47  0  0
bigdata-proj-w-0 1547550061  4  0      0 12622356 209496 843324    0    0     0   112 4203 2155 60 10 30  0  0
bigdata-proj-w-0 1547550062  1  0      0 12443480 209496 843440    0    0     0   252 3107 1686 58  7 35  0  0
bigdata-proj-w-0 1547550063  0  0      0 12421476 209496 843440    0    0     0     0 5661 1864 56  3 41  0  0
bigdata-proj-w-0 1547550064  1  0      0 12420420 209496 843440    0    0     0   224 4359  737  1  1 99  0  0
bigdata-proj-w-0 1547550065  1  0      0 12420500 209496 843440    0    0     0     0 3892  652  0  1 99  0  0
bigdata-proj-w-0 1547550066  2  0      0 12390148 209496 843424    0    0     0     0 6896 2569 50  4 46  0  0
bigdata-proj-w-0 1547550067  2  0      0 12197792 209496 844300    0    0     0     8 5514  967 25  9 66  0  0
bigdata-proj-w-0 1547550068  1  0      0 11987620 209496 844476    0    0     0     0 2750 1005 24 10 65  0  0
bigdata-proj-w-0 1547550069  4  0      0 11898652 209496 846112    0    0     0  1748 6035 2721 35  5 60  0  0
bigdata-proj-w-0 1547550070  5  0      0 11896256 209496 846096    0    0     0     0 5113 1804 24  1 75  0  0
bigdata-proj-w-0 1547550071  2  0      0 11894680 209496 846116    0    0     0     0 6276 3138 26  2 72  0  0
bigdata-proj-w-0 1547550072  3  0      0 11871892 209496 846116    0    0     0     0 5775 2023 50  3 47  0  0
bigdata-proj-w-0 1547550073  5  0      0 11793016 209496 847188    0    0     0  1052 6085 2815 27  4 69  0  0
bigdata-proj-w-0 1547550074  1  0      0 11792940 209496 847220    0    0     0   328 2290 2233 53  4 43  0  0
bigdata-proj-w-0 1547550075  5  0      0 11786984 209496 847280    0    0     0     0 7159 4241 40  5 55  0  0
bigdata-proj-w-0 1547550076  2  0      0 11779816 209496 847220    0    0     0     0 6037 2184 33  1 66  0  0
bigdata-proj-w-0 1547550077  1  0      0 11640092 209496 847288    0    0     0     0 6114 2282 26  5 69  0  0
bigdata-proj-w-0 1547550078  1  0      0 11570308 209496 847352    0    0     0   996 6403 2620 21  3 76  0  0
bigdata-proj-w-0 1547550079  2  0      0 11574100 209496 847424    0    0     0   252 5650 2034 15  1 83  0  0
bigdata-proj-w-0 1547550080  0  0      0 11576732 209496 848460    0    0     0     0 1876 1708 10  3 87  0  0
bigdata-proj-w-0 1547550081  1  0      0 11571756 209496 848308    0    0     0     0 6700 4697 28  3 69  0  0
bigdata-proj-w-0 1547550082  4  0      0 11546364 209496 848420    0    0     0     0 7079 2274 26  3 72  0  0
bigdata-proj-w-0 1547550083  2  0      0 11543504 209496 848480    0    0     0  1064 5943 2130 33  2 65  0  0
bigdata-proj-w-0 1547550084  1  0      0 11544152 209496 848524    0    0     0   260 6309 2310 39  2 60  0  0
bigdata-proj-w-0 1547550085  1  0      0 11542348 209496 848452    0    0     0     0 7728 4403 23  2 74  0  0
bigdata-proj-w-0 1547550086  1  0      0 11527972 209496 849472    0    0     0     0 3342 2229 21  4 75  0  0
bigdata-proj-w-0 1547550087  1  0      0 11387828 209496 849608    0    0     0     0 3978 1963 19  9 72  0  0
bigdata-proj-w-0 1547550088  0  0      0 11346024 209496 849688    0    0     0  3236 6151 2368 19  4 77  0  0
bigdata-proj-w-0 1547550089  1  0      0 11343180 209496 849748    0    0     0   304 5666 1945 20  2 78  0  0
bigdata-proj-w-0 1547550090  1  0      0 11343696 209496 849776    0    0     0     0 5862 2045 17  2 81  0  0
bigdata-proj-w-0 1547550091  1  0      0 11343528 209496 849892    0    0     0     0 5592 1883 15  2 83  0  0
bigdata-proj-w-0 1547550092  1  0      0 11344424 209496 850632    0    0     0     0 6234 5026 21  4 75  0  0
bigdata-proj-w-0 1547550093  2  0      0 11341056 209496 850772    0    0     0  1480 3483 2163 21  2 77  0  0
bigdata-proj-w-0 1547550094  1  0      0 11340792 209496 850820    0    0     0   356 6003 2133 25  2 73  0  0
bigdata-proj-w-0 1547550095  1  0      0 11338576 209496 850956    0    0     0     0 6033 2228 20  2 78  0  0
bigdata-proj-w-0 1547550096  1  0      0 11336788 209496 851012    0    0     0     0 6154 2276 22  3 75  0  0
bigdata-proj-w-0 1547550097  3  0      0 11337324 209496 851068    0    0     0     0 6635 2979 21  3 76  0  0
bigdata-proj-w-0 1547550098  1  0      0 11261580 209496 851856    0    0     0   292 6279 4272 26  7 66  0  0
bigdata-proj-w-0 1547550099  1  0      0 11066396 209496 851952    0    0     0   272 2520 1990 18  8 73  0  0
bigdata-proj-w-0 1547550100  1  0      0 11059752 209496 852032    0    0     0     0 5595 1790 23  2 76  0  0
bigdata-proj-w-0 1547550101  2  0      0 11057496 209496 852148    0    0     0     0 6126 2185 25  3 72  0  0
bigdata-proj-w-0 1547550102  1  0      0 11058212 209496 852164    0    0     0     0 5839 1930 23  1 76  0  0
bigdata-proj-w-0 1547550103  1  0      0 11058544 209496 852284    0    0     0  1052 5833 1945 26  2 72  0  0
bigdata-proj-w-0 1547550104  0  0      0 11061584 209496 853168    0    0     0   312 5284 2107 23  4 73  0  0
bigdata-proj-w-0 1547550105  0  0      0 11055208 209496 853124    0    0     0     0 4663 5694 22  5 73  0  0
bigdata-proj-w-0 1547550106  0  0      0 11054764 209496 853144    0    0     0     0 5480 1694 16  1 83  0  0
bigdata-proj-w-0 1547550107  0  0      0 11052116 209496 853288    0    0     0     0 5940 2213 21  2 77  0  0
bigdata-proj-w-0 1547550108  2  0      0 11050220 209496 853352    0    0     0  1592 6041 2208 19  2 78  0  0
bigdata-proj-w-0 1547550109  1  0      0 11051064 209496 853396    0    0     0     0 5484 1762 21  2 77  0  0
bigdata-proj-w-0 1547550110  2  0      0 11049668 209496 854376    0    0     0     0 5956 2197 20  2 79  0  0
bigdata-proj-w-0 1547550111  1  0      0 11043572 209496 854624    0    0     0     0 2062 2183 23  4 73  0  0
bigdata-proj-w-0 1547550112  1  0      0 10869988 209496 854728    0    0     0     0 4999 1708 15 12 74  0  0
bigdata-proj-w-0 1547550113  1  0      0 10836340 209496 854436    0    0     0  1388 8835 5792 20  6 73  0  0
bigdata-proj-w-0 1547550114  1  0      0 10836588 209496 854424    0    0     0     0 6000 2160 18  2 79  0  0
bigdata-proj-w-0 1547550115  1  0      0 10837580 209496 854596    0    0     0     0 5919 2110 21  2 77  0  0
bigdata-proj-w-0 1547550116  1  0      0 10835368 209496 854640    0    0     0     0 5710 1907 21  2 77  0  0
bigdata-proj-w-0 1547550117  1  0      0 10838176 209496 855748    0    0     0     0 2494 2017 24  4 72  0  0
bigdata-proj-w-0 1547550118  1  0      0 10836104 209496 855848    0    0     0   300 4635 2179 22  3 76  0  0
bigdata-proj-w-0 1547550119  5  0      0 10823924 209496 855864    0    0     0  1052 6665 3262 30  3 67  0  0
bigdata-proj-w-0 1547550120  1  0      0 10825716 209496 855576    0    0     0     0 7466 4619 23  4 73  0  0
bigdata-proj-w-0 1547550121  1  0      0 10823580 209496 855704    0    0     0     0 5734 2080 21  2 77  0  0
bigdata-proj-w-0 1547550122  0  0      0 10824256 209496 855724    0    0     0     0 5760 2103 20  2 78  0  0
bigdata-proj-w-0 1547550123  1  0      0 10827280 209496 856908    0    0     0   352 3264 2133 20  4 76  0  0
bigdata-proj-w-0 1547550124  1  0      0 10825636 209496 856936    0    0     0  1072 4053 2133 20  2 78  0  0
bigdata-proj-w-0 1547550125  1  0      0 10822960 209496 857144    0    0     0     0 5912 1994 20  3 77  0  0
bigdata-proj-w-0 1547550126  1  0      0 10802472 209496 857160    0    0     0     0 5608 1782 19  3 78  0  0
bigdata-proj-w-0 1547550127  0  0      0 10735632 209496 856900    0    0     0     0 8515 5445 22  5 73  0  0
bigdata-proj-w-0 1547550128  1  0      0 10736508 209496 856856    0    0     0   356 6063 2183 23  3 74  0  0
bigdata-proj-w-0 1547550129  0  0      0 10740184 209496 857852    0    0     0     8 4081 2140 22  3 74  0  0
bigdata-proj-w-0 1547550130  1  0      0 10734412 209496 858104    0    0     0     0 3402 2180 21  3 76  0  0
bigdata-proj-w-0 1547550131  2  0      0 10732516 209496 858172    0    0     0     0 5910 2086 19  2 78  0  0
bigdata-proj-w-0 1547550132  1  0      0 10731072 209496 858060    0    0     0     0 8174 5006 24  3 73  0  0
bigdata-proj-w-0 1547550133  1  0      0 10732492 209496 858052    0    0     0   336 5899 2088 19  2 80  0  0
bigdata-proj-w-0 1547550134  0  0      0 10731496 209496 858068    0    0     0  1380 5913 2118 21  2 77  0  0
bigdata-proj-w-0 1547550135  1  0      0 10734892 209496 859272    0    0     0     0 4560 2079 22  3 75  0  0
bigdata-proj-w-0 1547550136  2  0      0 10737960 209496 859336    0    0     0     0 3030 2422 22  3 75  0  0
bigdata-proj-w-0 1547550137  0  0      0 10738096 209496 859464    0    0     0     0 5729 1861 25  1 74  0  0
bigdata-proj-w-0 1547550138  0  0      0 10738044 209496 859252    0    0     0   324 8494 5182 22  4 75  0  0
bigdata-proj-w-0 1547550139  1  0      0 10728960 209496 860500    0    0     0  1124 5678 1771 45  2 52  0  0
bigdata-proj-w-0 1547550140  1  0      0 12908756 209496 858840    0    0     0     0 5241 1422 18  4 79  0  0
