HostName TimeStamp  r  b   swpd   free   buff  cache   si   so    bi    bo   in   cs us sy id wa st
bigdata-proj-m 1547542357 12  0      0 10310004 176348 1125552    0    0    36    56  327  467  3  1 96  0  0
bigdata-proj-m 1547542358  3  0      0 10190436 176348 1125692    0    0     0    32 6549 4901 38  9 53  0  0
bigdata-proj-m 1547542359  2  0      0 10160040 176348 1125900    0    0     0     0 6327 3340 55  3 42  0  0
bigdata-proj-m 1547542360  3  0      0 10052712 176348 1125884    0    0     0     0 6394 3247 58  5 37  0  0
bigdata-proj-m 1547542361  1  0      0 9952892 176356 1125884    0    0     0   404 5800 2138 53  4 43  0  0
bigdata-proj-m 1547542362  2  0      0 9934200 176356 1126860    0    0     0     0 6467 4072 37  2 61  0  0
bigdata-proj-m 1547542363  1  0      0 9838792 176356 1127152    0    0     0   412 3661 4705 43  7 50  0  0
bigdata-proj-m 1547542364  0  0      0 9832408 176356 1127320    0    0     0   128 4186 2230  9  3 88  0  0
bigdata-proj-m 1547542365  0  0      0 9832452 176356 1127308    0    0     0     0 4645 1634  1  1 98  0  0
bigdata-proj-m 1547542366  0  0      0 9832172 176356 1127308    0    0     0     0 4651 1643  1  1 98  0  0
bigdata-proj-m 1547542367  0  0      0 9831464 176356 1127356    0    0   184     8 5286 2307 10  2 88  0  0
bigdata-proj-m 1547542368  1  0      0 9786004 176356 1127564    0    0     0   208 7160 4297 46  3 51  0  0
bigdata-proj-m 1547542369  2  0      0 9772244 176356 1128568    0    0     0   108 3952 3903 48  6 45  0  0
bigdata-proj-m 1547542370  0  0      0 9736136 176356 1128720    0    0     0     0 3465 1923 23  4 73  0  0
bigdata-proj-m 1547542371  0  0      0 9733380 176356 1128724    0    0     0    16 5831 3051  9  2 90  0  0
bigdata-proj-m 1547542372  0  0      0 9733136 176356 1128748    0    0     0   160 5026 1822  3  1 96  0  0
bigdata-proj-m 1547542373  0  0      0 9722108 176360 1128748    0    0     0   188 6037 3105  6  3 91  0  0
bigdata-proj-m 1547542374  0  0      0 9722016 176360 1128748    0    0     0     0 4867 1668  1  1 98  0  0
bigdata-proj-m 1547542375  0  0      0 9712700 176360 1129920    0    0     0   112 3561 2538 12  4 84  0  0
bigdata-proj-m 1547542376  0  0      0 9710252 176360 1129980    0    0     0     0 2139 1723  1  2 97  0  0
bigdata-proj-m 1547542377  0  0      0 9709608 176360 1129960    0    0     0     0 4740 1643  1  1 99  0  0
bigdata-proj-m 1547542378  0  0      0 9690300 176364 1129964    0    0     0   260 6537 4077 18  4 79  0  0
bigdata-proj-m 1547542379  0  0      0 9620944 176364 1129988    0    0     0    44 6558 3722 37  3 59  0  0
bigdata-proj-m 1547542380  2  0      0 9487264 176364 1131604    0    0     0  1684 7558 5500 53 10 37  0  0
bigdata-proj-m 1547542381  7  0      0 9484216 176364 1132772    0    0     0   196 5915 4458 46  5 49  0  0
bigdata-proj-m 1547542382  2  0      0 9472736 176364 1132788    0    0     0   124 4439 5744 54  5 41  0  0
bigdata-proj-m 1547542383  5  0      0 9432376 176368 1132868    0    0     0   436 10439 10041 44  5 51  0  0
bigdata-proj-m 1547542384  6  0      0 9430020 176368 1132880    0    0     0   136 8729 6775 40  3 56  0  0
bigdata-proj-m 1547542385  4  1      0 9431660 176368 1132896    0    0     0   136 7533 5307 21  2 78  0  0
bigdata-proj-m 1547542386  0  0      0 9424492 176368 1132908    0    0     0   140 8635 6758 26  4 70  1  0
bigdata-proj-m 1547542387  2  0      0 9315468 176368 1133792    0    0     0   224 7720 5609 22  6 72  0  0
bigdata-proj-m 1547542388  1  0      0 9277868 176376 1133928    0    0     0   432 6966 11333 41  6 51  1  0
bigdata-proj-m 1547542389  1  0      0 9274112 176376 1133932    0    0     0   148 8109 6780 31  4 65  0  0
bigdata-proj-m 1547542390  0  0      0 9275668 176376 1134016    0    0     0   148 8496 6436 28  3 69  1  0
bigdata-proj-m 1547542391  2  0      0 9257588 176376 1134024    0    0     0   148 11561 12235 32  5 63  1  0
bigdata-proj-m 1547542392  6  0      0 9257992 176376 1134052    0    0     0  1352 8100 6025 20  2 77  1  0
bigdata-proj-m 1547542393  1  0      0 9270328 176380 1134048    0    0     0   236 8784 6727 22  2 75  1  0
bigdata-proj-m 1547542394  3  0      0 9261948 176380 1135088    0    0     0   264 5631 6973 25  6 69  1  0
bigdata-proj-m 1547542395  2  1      0 9181008 176380 1135092    0    0     0   148 7035 6249 31  7 61  0  0
bigdata-proj-m 1547542396  0  0      0 9117776 176380 1135192    0    0     0   148 12604 13579 27  6 66  1  0
bigdata-proj-m 1547542397  0  0      0 9118156 176380 1135204    0    0     0  1940 7674 5270 12  4 84  1  0
bigdata-proj-m 1547542398  0  0      0 9110724 176384 1135220    0    0     0   256 7927 5730 21  4 74  0  0
bigdata-proj-m 1547542399  3  0      0 9112776 176384 1135232    0    0     0   148 8124 5990 13  4 83  1  0
bigdata-proj-m 1547542400  4  0      0 9115708 176384 1137396    0    0    96   256 5441 5630 25  5 69  2  0
bigdata-proj-m 1547542401  5  0      0 9098164 176384 1137404    0    0     0   140 5549 5663 50  6 44  1  0
bigdata-proj-m 1547542402  2  0      0 9082520 176384 1137516    0    0     0  1348 11656 12570 44  5 51  0  0
bigdata-proj-m 1547542403  3  0      0 9083612 176388 1137520    0    0     0   308 8419 6321 15  3 82  1  0
bigdata-proj-m 1547542404  1  0      0 9075668 176388 1137552    0    0     0   160 8684 6541 19  3 78  1  0
bigdata-proj-m 1547542405  3  0      0 9074280 176388 1137556    0    0     0   148 8418 6197 28  3 68  1  0
bigdata-proj-m 1547542406  1  0      0 9052276 176388 1138600    0    0     0   248 6958 6297 22  5 73  1  0
bigdata-proj-m 1547542407  2  0      0 8902016 176388 1138600    0    0     0  1372 6237 8239 13  8 79  1  0
bigdata-proj-m 1547542408  0  1      0 8910944 176388 1138712    0    0     0   248 12891 14156 17  4 78  1  0
bigdata-proj-m 1547542409  0  0      0 8913056 176392 1138712    0    0     0   152 8397 6366 10  3 86  1  0
bigdata-proj-m 1547542410  1  0      0 8914312 176392 1138752    0    0     0   136 7420 5153 11  3 85  1  0
bigdata-proj-m 1547542411  0  0      0 8908128 176392 1138752    0    0     0   148 8477 6397 22  3 74  1  0
bigdata-proj-m 1547542412  0  0      0 8909224 176392 1139796    0    0     0   264 8034 6699 16  5 77  1  0
bigdata-proj-m 1547542413  2  0      0 8894032 176396 1139800    0    0     0  1488 5360 7584 14  4 82  1  0
bigdata-proj-m 1547542414  0  0      0 8885008 176396 1139912    0    0     0   180 12609 14365 25  6 68  1  0
bigdata-proj-m 1547542415  3  0      0 8887340 176396 1139916    0    0     0   160 8375 6381 13  3 83  1  0
bigdata-proj-m 1547542416  0  0      0 8890912 176396 1139948    0    0     0   148 8364 6221 11  3 85  1  0
bigdata-proj-m 1547542417  0  0      0 8894152 176396 1139976    0    0     0   164 8719 6656 15  3 82  1  0
bigdata-proj-m 1547542418  0  0      0 8893708 176404 1139996    0    0     0   184 8364 6235 14  4 81  1  0
bigdata-proj-m 1547542419  1  0      0 8886456 176404 1141016    0    0     0   268 4966 6760 12  6 81  1  0
bigdata-proj-m 1547542420  2  0      0 8795904 176404 1141128    0    0     0   152 12029 14156 19  7 73  1  0
bigdata-proj-m 1547542421  0  0      0 8794816 176404 1141148    0    0     0   152 10153 9387 12  4 84  1  0
bigdata-proj-m 1547542422  0  0      0 8790048 176404 1141164    0    0     0   148 8287 6220 11  4 84  1  0
bigdata-proj-m 1547542423  2  0      0 8791744 176408 1141172    0    0     0  1408 8556 6464 12  4 84  1  0
bigdata-proj-m 1547542424  1  0      0 8782924 176408 1141200    0    0     0   156 8690 6418 11  4 85  1  0
bigdata-proj-m 1547542425  0  0      0 8787992 176408 1142228    0    0     0   244 5245 6082 21  5 73  1  0
bigdata-proj-m 1547542426  0  0      0 8787600 176408 1142328    0    0     0   148 6575 6069 16  5 78  1  0
bigdata-proj-m 1547542427  0  0      0 8712068 176408 1142344    0    0     0   156 14891 17639 18  7 75  1  0
bigdata-proj-m 1547542428  2  1      0 8714040 176412 1142380    0    0     0  1520 8086 5967 10  3 87  1  0
bigdata-proj-m 1547542429  5  0      0 8713580 176412 1142380    0    0     0   136 8191 6001  9  3 87  1  0
bigdata-proj-m 1547542430  0  0      0 8712368 176412 1142404    0    0     0   148 8216 6064 13  2 84  1  0
bigdata-proj-m 1547542431  1  0      0 8715756 176412 1143580    0    0     0   244 6176 6193 10  6 83  1  0
bigdata-proj-m 1547542432  0  0      0 8710716 176412 1143660    0    0     0   136 5477 5715  9  5 86  1  0
bigdata-proj-m 1547542433  1  0      0 8712348 176412 1143672    0    0     0  2664 8400 6250 14  4 81  1  0
bigdata-proj-m 1547542434  3  0      0 8699816 176412 1143684    0    0     0   152 8616 6061 29  5 66  1  0
bigdata-proj-m 1547542435  0  0      0 8654172 176412 1143716    0    0     0   128 14518 17270 21  9 69  1  0
bigdata-proj-m 1547542436  0  0      0 8653144 176412 1143728    0    0     0   148 8384 6189 13  3 84  1  0
bigdata-proj-m 1547542437  0  0      0 8657612 176412 1144632    0    0     0   248 7016 6213 13  5 82  1  0
bigdata-proj-m 1547542438  1  0      0 8656828 176416 1144788    0    0     0  1288 4844 5848  7  4 88  1  0
bigdata-proj-m 1547542439  3  0      0 8658688 176416 1144880    0    0     0   144 8276 6145 14  4 81  1  0
bigdata-proj-m 1547542440  2  0      0 8650096 176416 1144912    0    0     0   132 12360 13145 34  8 58  0  0
bigdata-proj-m 1547542441  0  0      0 8652232 176416 1144912    0    0     0   152 9461 8282 12  3 84  1  0
bigdata-proj-m 1547542442  0  0      0 8649932 176416 1144940    0    0     0   148 8341 6167 13  3 84  1  0
bigdata-proj-m 1547542443  0  0      0 8647976 176424 1145812    0    0     0   328 7711 6171 12  5 82  1  0
bigdata-proj-m 1547542444  8  0      0 8652276 176424 1145992    0    0     0   156 4876 6318 22  5 73  0  0
bigdata-proj-m 1547542445  0  0      0 8650796 176424 1146088    0    0     0   136 7807 5682 36  5 59  1  0
bigdata-proj-m 1547542446  3  0      0 8642236 176424 1146112    0    0     0   140 13022 14430 28  5 66  1  0
bigdata-proj-m 1547542447  1  0      0 8643924 176424 1146124    0    0     0   140 7908 5778 11  3 86  1  0
bigdata-proj-m 1547542448  0  0      0 8645340 176432 1146144    0    0     0  1292 7970 6089  9  4 86  1  0
bigdata-proj-m 1547542449  6  0      0 8644024 176432 1146160    0    0     0   168 8914 7311 13  5 82  1  0
bigdata-proj-m 1547542450  2  0      0 8647368 176432 1147188    0    0     0   280 5163 7006 12  6 81  1  0
bigdata-proj-m 1547542451  1  0      0 8636992 176432 1147296    0    0     0   132 12108 14139 41  8 51  0  0
bigdata-proj-m 1547542452  0  0      0 8636964 176432 1147296    0    0     0    12 5059 1861  1  2 97  0  0
bigdata-proj-m 1547542453  0  0      0 10292008 176440 1145584    0    0     0   196 6611 3612 13  6 81  0  0
