HostName TimeStamp  r  b   swpd   free   buff  cache   si   so    bi    bo   in   cs us sy id wa st
bigdata-proj-w-0 1547542357 13  0      0 13062124 205584 725708    0    0    26    59  177  185  3  1 96  0  0
bigdata-proj-w-0 1547542358  0  0      0 13055832 205588 725772    0    0     0     0 3063  801  1  3 96  0  0
bigdata-proj-w-0 1547542359  0  0      0 13055864 205588 725856    0    0     0     0 3044  583  1  1 99  0  0
bigdata-proj-w-0 1547542360  0  0      0 13055616 205588 725868    0    0     0   104 3690  643  1  1 99  0  0
bigdata-proj-w-0 1547542361  0  0      0 13056096 205588 725868    0    0     0     0 3099  576  0  1 99  0  0
bigdata-proj-w-0 1547542362  0  0      0 13055980 205588 725860    0    0     0   196 3627  581  1  1 99  0  0
bigdata-proj-w-0 1547542363  0  0      0 13058632 205588 727000    0    0     0     0  849  839  2  3 95  0  0
bigdata-proj-w-0 1547542364  1  0      0 12978180 205596 727848    0    0     0     0 5184 3156 30  6 64  0  0
bigdata-proj-w-0 1547542365  2  0      0 12918520 205596 728088    0    0     0     0 6153 2668 57  4 39  0  0
bigdata-proj-w-0 1547542366  3  0      0 12810236 205596 728096    0    0     0   264 5683 1570 54  5 41  0  0
bigdata-proj-w-0 1547542367  2  0      0 12685208 205600 728088    0    0     0  1896 5648 1613 64  5 31  0  0
bigdata-proj-w-0 1547542368  6  0      0 12655612 205608 728392    0    0     0   252 5769 1928 58  4 39  0  0
bigdata-proj-w-0 1547542369  3  0      0 12561784 205608 729460    0    0     0   268 3121 3076 57  7 36  0  0
bigdata-proj-w-0 1547542370  4  0      0 12485012 205608 729704    0    0     0     0 4637 2909 54  5 41  0  0
bigdata-proj-w-0 1547542371  3  0      0 12342912 205608 729932    0    0     0   360 6011 2315 72  4 24  0  0
bigdata-proj-w-0 1547542372  4  0      0 12292352 205608 729924    0    0     0     0 6015 1958 55  3 42  0  0
bigdata-proj-w-0 1547542373  0  0      0 12293848 205612 729932    0    0     0   168 5035 1288 17  1 82  0  0
bigdata-proj-w-0 1547542374  0  0      0 12293852 205612 729932    0    0     0     0 4387  787  1  2 98  0  0
bigdata-proj-w-0 1547542375  3  0      0 12283860 205624 730944    0    0     0   148 3363 1631 35  4 61  0  0
bigdata-proj-w-0 1547542376  1  0      0 12084596 205624 730924    0    0     0     0 4307 1482 54  5 41  0  0
bigdata-proj-w-0 1547542377  3  0      0 11965960 205624 730980    0    0     0     0 6743 1076 32  4 64  0  0
bigdata-proj-w-0 1547542378  1  0      0 11931504 205624 732616    0    0     0  2220 6723 2761 36  1 62  1  0
bigdata-proj-w-0 1547542379  4  0      0 11928604 205632 732732    0    0     0   588 5952 2502 25  2 72  1  0
bigdata-proj-w-0 1547542380  4  0      0 11927020 205656 732772    0    0     0  1340 6975 3769 31  2 66  2  0
bigdata-proj-w-0 1547542381  1  0      0 11805020 205672 734120    0    0     0  1404 5558 3559 44  5 49  2  0
bigdata-proj-w-0 1547542382  5  0      0 11800896 205688 734372    0    0     0  1796 4078 3825 44  4 49  2  0
bigdata-proj-w-0 1547542383  4  0      0 11804424 205716 734712    0    0     0  2076 8277 5150 34  3 60  2  0
bigdata-proj-w-0 1547542384  3  0      0 11762044 205736 734968    0    0     0  2144 7843 4304 28  4 65  2  0
bigdata-proj-w-0 1547542385  1  0      0 11762388 205752 735312    0    0     0  1608 6598 3036 32  2 64  3  0
bigdata-proj-w-0 1547542386  1  0      0 11760784 205784 735600    0    0     0  2044 7330 4006 22  2 73  3  0
bigdata-proj-w-0 1547542387  1  0      0 11649864 205808 737076    0    0     0  1728 6425 3364 19  6 73  2  0
bigdata-proj-w-0 1547542388  5  0      0 11647756 205812 737104    0    0     0  2364 4710 5662 21  3 73  3  0
bigdata-proj-w-0 1547542389  2  0      0 11646288 205816 737692    0    0     0  2144 7096 3809 23  2 72  3  0
bigdata-proj-w-0 1547542390  2  0      0 11605972 205836 738000    0    0     0  2160 7298 3823 24  2 71  3  0
bigdata-proj-w-0 1547542391  2  0      0 11604384 205856 738344    0    0     0  2544 8485 5379 31  3 64  3  0
bigdata-proj-w-0 1547542392  1  1      0 11596912 205892 738588    0    0     0  1984 6929 3420 35  3 60  3  0
bigdata-proj-w-0 1547542393  1  0      0 11496336 205908 739012    0    0     0  2196 7262 3816 23  4 71  3  0
bigdata-proj-w-0 1547542394  0  0      0 11499128 205944 740464    0    0     0  2372 3485 3720 28  7 62  3  0
bigdata-proj-w-0 1547542395  0  1      0 11496136 205960 740860    0    0     0  2188 6106 3587 22  3 72  3  0
bigdata-proj-w-0 1547542396  1  0      0 11476564 205988 741180    0    0     0  2564 8637 6078 23  5 69  3  0
bigdata-proj-w-0 1547542397  0  0      0 11476796 206028 741460    0    0     0  1648 6335 3061 17  2 79  3  0
bigdata-proj-w-0 1547542398  2  0      0 11477704 206040 741796    0    0     0  2048 6540 3228 18  2 77  3  0
bigdata-proj-w-0 1547542399  2  0      0 11478872 206052 742148    0    0     0  1968 6570 3254 21  3 73  3  0
bigdata-proj-w-0 1547542400  1  0      0 11416320 206072 743452    0    0     0  1936 3584 3248 22  6 68  3  0
bigdata-proj-w-0 1547542401  2  0      0 11412572 206084 743760    0    0     0  2020 5438 3275 20  5 73  3  0
bigdata-proj-w-0 1547542402  3  0      0 11414356 206108 743988    0    0     0  2604 8575 5545 31  3 63  3  0
bigdata-proj-w-0 1547542403  1  0      0 11409220 206128 744360    0    0     0  5028 6812 3385 21  2 74  3  0
bigdata-proj-w-0 1547542404  1  0      0 11383056 206156 744808    0    0     0  2188 6908 3519 25  3 69  3  0
bigdata-proj-w-0 1547542405  1  0      0 11376816 206172 745292    0    0     0  2152 6936 3439 23  3 72  3  0
bigdata-proj-w-0 1547542406  1  0      0 11377524 206220 746684    0    0     0  2228 4631 3629 24  5 69  3  0
bigdata-proj-w-0 1547542407  3  0      0 11375068 206248 747160    0    0     0  1920 5458 3924 21  5 72  3  0
bigdata-proj-w-0 1547542408  1  0      0 11328004 206272 747076    0    0     0  3868 9007 6009 27  5 65  3  0
bigdata-proj-w-0 1547542409  1  0      0 11329460 206296 747648    0    0     0  2120 7023 3355 22  3 73  3  0
bigdata-proj-w-0 1547542410  1  0      0 11329936 206308 747804    0    0     0  1576 6272 2736 18  3 77  2  0
bigdata-proj-w-0 1547542411  1  0      0 11331848 206332 748268    0    0     0  2132 7032 3431 20  3 74  3  0
bigdata-proj-w-0 1547542412  1  0      0 11312108 206372 749748    0    0     0  2448 5443 3781 21  4 72  3  0
bigdata-proj-w-0 1547542413  3  0      0 11309552 206420 750216    0    0     0  3480 4799 3955 21  4 72  3  0
bigdata-proj-w-0 1547542414  1  0      0 11308820 206504 750304    0    0     0  2964 9352 6528 25  5 68  3  0
bigdata-proj-w-0 1547542415  0  0      0 11270988 206536 750588    0    0     0  2080 6982 3434 21  3 73  3  0
bigdata-proj-w-0 1547542416  1  0      0 11268384 206564 751036    0    0     0  2172 6969 3370 21  2 75  3  0
bigdata-proj-w-0 1547542417  3  0      0 11269528 206588 751548    0    0     0  2404 7302 3650 24  3 70  3  0
bigdata-proj-w-0 1547542418  2  0      0 11262748 206624 753112    0    0     0  2192 5807 3411 23  4 70  3  0
bigdata-proj-w-0 1547542419  2  0      0 11240388 206644 753464    0    0     0  2180 3850 3465 21  5 71  3  0
bigdata-proj-w-0 1547542420  1  0      0 11239452 206664 753572    0    0     0  2548 8530 5616 22  4 72  3  0
bigdata-proj-w-0 1547542421  1  0      0 11241608 206680 753792    0    0     0  2404 7630 4230 21  3 73  3  0
bigdata-proj-w-0 1547542422  1  0      0 11243120 206700 754260    0    0     0  2124 7026 3381 22  3 73  3  0
bigdata-proj-w-0 1547542423  1  0      0 11240776 206716 754700    0    0     0  2240 6921 3315 20  2 76  3  0
bigdata-proj-w-0 1547542424  2  1      0 11206392 206728 755772    0    0     0  3224 6396 3342 24  5 69  3  0
bigdata-proj-w-0 1547542425  1  0      0 11204728 206744 756340    0    0     0  2104 3084 3344 21  4 73  3  0
bigdata-proj-w-0 1547542426  1  0      0 11206104 206764 756692    0    0     0  2168 7007 3366 21  2 74  3  0
bigdata-proj-w-0 1547542427  1  0      0 11204988 206784 756736    0    0     0  2600 9494 6731 27  5 66  3  0
bigdata-proj-w-0 1547542428  0  0      0 11189288 206792 756920    0    0     0  2212 7028 3333 22  3 72  3  0
bigdata-proj-w-0 1547542429  1  1      0 11187108 206812 757292    0    0     0  3284 6851 3201 21  2 74  3  0
bigdata-proj-w-0 1547542430  2  0      0 11178268 206820 758812    0    0     0  2064 7053 3423 23  3 72  3  0
bigdata-proj-w-0 1547542431  0  1      0 11183304 206848 759080    0    0     0  2220 3020 3255 22  4 71  3  0
bigdata-proj-w-0 1547542432  1  0      0 11180720 206860 759664    0    0     0  1928 6238 3168 20  3 74  3  0
bigdata-proj-w-0 1547542433  1  0      0 11157872 206868 760124    0    0     0  2172 6955 3374 22  2 73  3  0
bigdata-proj-w-0 1547542434  1  0      0 11158672 206884 760528    0    0     0  3544 6928 3189 21  3 74  3  0
bigdata-proj-w-0 1547542435  1  0      0 11158144 206908 760504    0    0     0  2752 9413 6696 27  4 66  3  0
bigdata-proj-w-0 1547542436  1  0      0 11156176 206928 760720    0    0     0  2104 6888 3309 20  2 75  3  0
bigdata-proj-w-0 1547542437  1  0      0 11159460 206928 762156    0    0     0  2212 3621 3282 22  5 70  3  0
bigdata-proj-w-0 1547542438  1  1      0 11135936 206956 762608    0    0     0  2048 5758 3265 23  4 71  3  0
bigdata-proj-w-0 1547542439  1  0      0 11136700 206964 763096    0    0     0  3104 6917 3254 23  3 71  3  0
bigdata-proj-w-0 1547542440  2  1      0 11138424 206984 763256    0    0     0  2276 8432 5298 22  3 73  3  0
bigdata-proj-w-0 1547542441  1  0      0 11137548 207000 763576    0    0     0  2204 7297 3775 22  2 74  3  0
bigdata-proj-w-0 1547542442  1  0      0 11131160 207012 763772    0    0     0  2136 6964 3338 20  3 74  3  0
bigdata-proj-w-0 1547542443  1  0      0 11105144 207028 765380    0    0     0  2216 4295 3335 23  5 69  3  0
bigdata-proj-w-0 1547542444  4  0      0 11099344 207048 765720    0    0     0  3164 5712 3658 24  4 69  3  0
bigdata-proj-w-0 1547542445  1  0      0 11099864 207060 766276    0    0     0  1956 6914 3236 23  3 71  3  0
bigdata-proj-w-0 1547542446  1  0      0 11099612 207100 766380    0    0     0  2564 9130 5955 26  5 66  3  0
bigdata-proj-w-0 1547542447  1  0      0 11100544 207116 766640    0    0     0  1964 6844 3148 23  2 72  3  0
bigdata-proj-w-0 1547542448  1  0      0 11100564 207144 766956    0    0     0  2016 6875 3318 22  3 72  3  0
bigdata-proj-w-0 1547542449  0  0      0 11104248 207164 768556    0    0     0  2552 5270 3737 23  5 70  3  0
bigdata-proj-w-0 1547542450  0  0      0 11099200 207188 768856    0    0     0  2676 4997 3949 19  5 73  3  0
bigdata-proj-w-0 1547542451  2  0      0 11100372 207200 770516    0    0     0  2356 8552 5599 27  3 67  3  0
bigdata-proj-w-0 1547542452  2  0      0 11082308 207200 770376    0    0     0   156 5384 1544 48  3 49  0  0
bigdata-proj-w-0 1547542453  0  0      0 13007836 207200 768204    0    0     0   120 5957 2567 12  4 83  0  0
