HostName TimeStamp  r  b   swpd   free   buff  cache   si   so    bi    bo   in   cs us sy id wa st
bigdata-proj-w-3 1547550037  1  4      0 13659888 160184 452652    0    0   148   120  132  201  2  1 96  2  0
bigdata-proj-w-3 1547550038  1  0      0 13645140 163436 460980    0    0  4680     0 2210 2307  1  3 76 20  0
bigdata-proj-w-3 1547550039  0  0      0 13645056 163436 461012    0    0     0   520 3850  541  0  1 99  0  0
bigdata-proj-w-3 1547550040  0  0      0 13644288 163436 461028    0    0     0     0 3834  572  0  1 99  0  0
bigdata-proj-w-3 1547550041  0  0      0 13644304 163436 461032    0    0     0     0 3790  629  1  1 99  0  0
bigdata-proj-w-3 1547550042  0  0      0 13644724 163436 461036    0    0     0     0 3876  590  1  1 98  0  0
bigdata-proj-w-3 1547550043  1  0      0 13640756 163444 461952    0    0     8     0 3837  574  1  2 97  0  0
bigdata-proj-w-3 1547550044  1  0      0 13627752 164268 478924    0    0  3928  4728 1429 1342 10  6 69 15  0
bigdata-proj-w-3 1547550045  2  0      0 13611384 164300 480596    0    0  1616     0 1945 1771 21  3 65 11  0
bigdata-proj-w-3 1547550046  0  1      0 13584080 164340 482708    0    0  1428     0 5713 2095 22  3 68  7  0
bigdata-proj-w-3 1547550047  0  1      0 13573292 164340 486516    0    0  3488     0 4815 1290  4  1 71 23  0
bigdata-proj-w-3 1547550048  0  1      0 13567712 164340 490600    0    0  4020     0 4534  958  1  1 74 24  0
bigdata-proj-w-3 1547550049  0  1      0 13561792 164344 494920    0    0  4244   232 4581 1026  1  2 73 24  0
bigdata-proj-w-3 1547550050  1  1      0 13544200 164356 502264    0    0  6424     0 4243 1083  3  3 71 23  0
bigdata-proj-w-3 1547550051  0  1      0 13529428 164452 523296    0    0  6184   100 1032 1030  2  3 67 28  0
bigdata-proj-w-3 1547550052  0  1      0 13505860 164452 525924    0    0  2548     0 3326 1500  8  3 69 20  0
bigdata-proj-w-3 1547550053  0  1      0 13429352 164452 528516    0    0  2636     0 5641 2240 25  4 60 10  0
bigdata-proj-w-3 1547550054  2  0      0 13404180 164460 530600    0    0  1676   428 6132 2555 46  4 46  5  0
bigdata-proj-w-3 1547550055  4  0      0 13334608 164460 530648    0    0    64     0 6280 2232 48  4 48  0  0
bigdata-proj-w-3 1547550056  2  0      0 13270208 164460 533440    0    0  2928     0 6412 2440 46  4 42  8  0
bigdata-proj-w-3 1547550057  2  0      0 13242940 164492 539660    0    0  1832     0 3439 1908 25  6 60 10  0
bigdata-proj-w-3 1547550058  2  0      0 13185856 164520 540360    0    0   600   304 3242 2508 38  3 58  1  0
bigdata-proj-w-3 1547550059  0  0      0 13175232 164524 540360    0    0     0  1772 4582  921 10  2 88  0  0
bigdata-proj-w-3 1547550060  0  0      0 13174860 164524 540364    0    0     0     0 4108  669  1  1 99  0  0
bigdata-proj-w-3 1547550061  0  0      0 13199968 164540 540360    0    0     0   112 4262  857  1  1 98  0  0
bigdata-proj-w-3 1547550062  0  0      0 13195924 164540 540360    0    0     0     0 4289  808  1  1 99  0  0
bigdata-proj-w-3 1547550063  0  0      0 13181028 164576 541344    0    0   108   140 3682 1087 13  3 84  1  0
bigdata-proj-w-3 1547550064  0  0      0 13178628 164576 541636    0    0     0     0  998  897  1  3 96  0  0
bigdata-proj-w-3 1547550065  0  0      0 13175096 164604 541652    0    0     0   164 3886  848  1  1 97  1  0
bigdata-proj-w-3 1547550066  0  0      0 13174268 164624 541660    0    0     0   220 4480  850  1  2 97  0  0
bigdata-proj-w-3 1547550067  1  0      0 13182104 164624 541660    0    0     0     0 3866  651  1  1 98  0  0
bigdata-proj-w-3 1547550068  0  0      0 13178632 164624 541668    0    0     0     0 4291  734  1  1 98  0  0
bigdata-proj-w-3 1547550069  1  0      0 13173544 164752 542640    0    0     0  1716 4251 1229  2  3 94  1  0
bigdata-proj-w-3 1547550070  0  0      0 13179924 164852 543088    0    0     0   596  941 1085  1  2 96  1  0
bigdata-proj-w-3 1547550071  0  0      0 13172764 165104 543256    0    0     0  1008 4512 1703  1  3 94  2  0
bigdata-proj-w-3 1547550072  0  0      0 13171716 165316 543388    0    0     0   972 5103 1627  1  2 96  2  0
bigdata-proj-w-3 1547550073  0  0      0 13171280 165568 543740    0    0     0  1132 5226 1702  1  1 96  2  0
bigdata-proj-w-3 1547550074  0  0      0 13166436 165860 544064    0    0     0  4456 5502 2059  2  1 94  3  0
bigdata-proj-w-3 1547550075  4  1      0 13166560 166196 544364    0    0     0  1436 5273 1707  2  1 95  3  0
bigdata-proj-w-3 1547550076  0  0      0 13168372 166588 545836    0    0     0  1664 2392 2014  2  3 92  3  0
bigdata-proj-w-3 1547550077  0  0      0 13161276 166904 546092    0    0     0  1412 3864 1866  3  2 93  2  0
bigdata-proj-w-3 1547550078  0  0      0 13150624 167248 546476    0    0     0  1628 5460 2014  2  2 94  3  0
bigdata-proj-w-3 1547550079  0  0      0 13150292 167512 546580    0    0     0  7708 5069 1617  1  1 95  2  0
bigdata-proj-w-3 1547550080  0  0      0 13145872 167680 546860    0    0     0   816 4949 1398  1  2 96  1  0
bigdata-proj-w-3 1547550081  0  0      0 13145356 168044 547204    0    0     0  1800 5483 2050  2  2 93  3  0
bigdata-proj-w-3 1547550082  0  0      0 13146652 168340 548740    0    0     0  1692 3101 1900  2  4 92  3  0
bigdata-proj-w-3 1547550083  1  0      0 13136272 168648 549096    0    0     0  1632 3299 2304  3  3 91  3  0
bigdata-proj-w-3 1547550084  0  0      0 13123764 168972 549452    0    0     0 16872 6105 2681  2  3 92  4  0
bigdata-proj-w-3 1547550085  0  0      0 13124060 169320 549676    0    0     0  1608 5308 1898  1  1 95  3  0
bigdata-proj-w-3 1547550086  0  0      0 13123648 169736 550096    0    0     0  1708 5357 2060  1  2 95  3  0
bigdata-proj-w-3 1547550087  0  0      0 13113876 170040 550360    0    0     0  1332 5432 2020  2  2 94  2  0
bigdata-proj-w-3 1547550088  0  0      0 13115264 170408 551728    0    0     0  1820 3972 2101  2  3 92  3  0
bigdata-proj-w-3 1547550089  0  0      0 13112484 170788 551952    0    0     0  5636 2367 2016  2  2 93  3  0
bigdata-proj-w-3 1547550090  0  0      0 13111720 171024 552280    0    0     0  1360 5204 1754  2  2 94  3  0
bigdata-proj-w-3 1547550091  0  0      0 13111428 171284 552524    0    0     0  1324 5183 1684  1  1 96  2  0
bigdata-proj-w-3 1547550092  1  0      0 13111536 171548 552860    0    0     0  1368 5212 1756  2  2 94  3  0
bigdata-proj-w-3 1547550093  1  0      0 13111408 171912 553192    0    0     0  1728 5791 2333  4  2 91  3  0
bigdata-proj-w-3 1547550094  1  0      0 13112972 172252 554420    0    0     0  1824 4752 2168  3  3 91  3  0
bigdata-proj-w-3 1547550095  2  0      0 13107252 172584 555044    0    0     0  2928 2017 2217  5  3 89  3  0
bigdata-proj-w-3 1547550096  1  1      0 13098156 172940 555412    0    0     0  1836 5512 2105  2  2 93  3  0
bigdata-proj-w-3 1547550097  1  0      0 13098020 173328 555684    0    0     0  1768 5331 2020  1  1 95  3  0
bigdata-proj-w-3 1547550098  1  0      0 13098008 173616 555992    0    0     0  1508 5329 1905  1  1 96  3  0
bigdata-proj-w-3 1547550099  2  0      0 13097928 173880 556264    0    0     0  1480 5250 1836  1  1 95  3  0
bigdata-proj-w-3 1547550100  1  0      0 13093772 174160 557488    0    0     0  1988 5128 2010  1  4 92  3  0
bigdata-proj-w-3 1547550101  0  0      0 13099828 174584 558168    0    0     0  1960 1706 2151  2  2 91  4  0
bigdata-proj-w-3 1547550102  1  0      0 13096084 174912 558504    0    0     0  1784 4858 2198  2  3 90  5  0
bigdata-proj-w-3 1547550103  1  0      0 13096716 175204 558808    0    0     0  1624 5560 2091  1  3 93  3  0
bigdata-proj-w-3 1547550104  1  0      0 13096732 175484 559156    0    0     0  1524 5483 1999  1  2 95  3  0
bigdata-proj-w-3 1547550105  2  1      0 13096348 175840 559496    0    0     0  2932 5499 2115  5  2 91  3  0
bigdata-proj-w-3 1547550106  0  0      0 13096752 176048 559716    0    0     0  1192 5089 1567  1  1 97  2  0
bigdata-proj-w-3 1547550107  0  0      0 13098668 176356 561048    0    0     0  1764 2317 2069  2  3 92  4  0
bigdata-proj-w-3 1547550108  0  0      0 13095696 176684 561476    0    0     0  1816 4201 2142  3  3 91  3  0
bigdata-proj-w-3 1547550109  0  0      0 13095388 176972 561768    0    0     0  1676 4946 2014  1  1 95  3  0
bigdata-proj-w-3 1547550110  0  0      0 13095372 177328 562160    0    0     0  3164 5556 2137  1  1 95  3  0
bigdata-proj-w-3 1547550111  0  0      0 13095140 177640 562496    0    0     0  1728 5217 1973  1  2 94  3  0
bigdata-proj-w-3 1547550112  0  1      0 13086868 177872 562740    0    0     0  1332 4820 1667  0  1 96  2  0
bigdata-proj-w-3 1547550113  0  0      0 13089432 178132 564128    0    0     0  1916 2981 2105  1  3 92  3  0
bigdata-proj-w-3 1547550114  1  0      0 13085508 178452 564664    0    0     0  1924 3561 2276  1  3 93  4  0
bigdata-proj-w-3 1547550115  1  1      0 13086004 178784 564932    0    0     0  3100 5084 1913  1  1 95  3  0
bigdata-proj-w-3 1547550116  0  0      0 13086488 179044 565248    0    0     0  1732 5461 2143  1  1 95  3  0
bigdata-proj-w-3 1547550117  0  1      0 13085952 179408 565664    0    0     0  1816 5477 2058  1  1 95  4  0
bigdata-proj-w-3 1547550118  0  0      0 13086064 179692 566012    0    0     0  1784 5042 2043  1  1 95  3  0
bigdata-proj-w-3 1547550119  0  1      0 13088764 179952 567220    0    0     0  1768 3555 2028  2  3 92  3  0
bigdata-proj-w-3 1547550120  0  0      0 13085212 180264 567704    0    0     0  2920 2855 2018  2  3 92  3  0
bigdata-proj-w-3 1547550121  0  0      0 13085200 180548 567980    0    0     0  1720 5321 1936  2  1 94  3  0
bigdata-proj-w-3 1547550122  0  0      0 13085184 180860 568296    0    0     0  1712 5431 2038  1  1 95  3  0
bigdata-proj-w-3 1547550123  0  0      0 13085240 181172 568736    0    0     0  1816 5428 2064  1  2 94  3  0
bigdata-proj-w-3 1547550124  0  0      0 13085100 181480 568964    0    0     0  1788 5559 2197  1  2 94  3  0
bigdata-proj-w-3 1547550125  0  0      0 13087244 181840 570280    0    0     0  1788 4342 2099  2  4 91  3  0
bigdata-proj-w-3 1547550126  0  0      0 13084256 182120 570712    0    0     0  1468 2110 1918  2  3 93  3  0
bigdata-proj-w-3 1547550127  0  0      0 13080912 182436 571016    0    0     0  1512 5289 1839  1  2 94  3  0
bigdata-proj-w-3 1547550128  0  0      0 13072240 182740 571384    0    0     0  1884 5582 2155  1  1 94  3  0
bigdata-proj-w-3 1547550129  2  0      0 13072732 183144 571676    0    0     0  2140 5664 2239  2  2 93  4  0
bigdata-proj-w-3 1547550130  0  0      0 13072436 183496 572020    0    0     0  2836 5452 2009  1  1 95  3  0
bigdata-proj-w-3 1547550131  0  0      0 13074608 183732 573484    0    0     0  1896 4997 2177  2  3 91  3  0
bigdata-proj-w-3 1547550132  0  0      0 13071580 184052 573740    0    0     0  1752 1579 2042  2  3 92  3  0
bigdata-proj-w-3 1547550133  0  0      0 13071256 184312 574236    0    0     0  1828 5433 2061  1  1 95  3  0
bigdata-proj-w-3 1547550134  1  0      0 13071372 184600 574624    0    0     0  1804 5569 2207  1  3 93  4  0
bigdata-proj-w-3 1547550135  0  0      0 13070988 184844 575012    0    0     0  1844 5494 2066  2  1 94  4  0
bigdata-proj-w-3 1547550136  0  1      0 13071164 185104 575352    0    0     0  3212 5490 2086  1  2 94  3  0
bigdata-proj-w-3 1547550137  1  0      0 13069788 185344 576680    0    0     0  1828 5527 2240  1  1 94  4  0
bigdata-proj-w-3 1547550138  0  0      0 13073536 185548 577080    0    0     0  1892 1678 2109  3  4 90  4  0
bigdata-proj-w-3 1547550139  0  0      0 13069956 185568 577148    0    0     0   276 3902  901  1  2 96  1  0
bigdata-proj-w-3 1547550140  0  0      0 13065692 185584 577260    0    0    60   104 5046 1450  3  2 94  1  0
