HostName TimeStamp  r  b   swpd   free   buff  cache   si   so    bi    bo   in   cs us sy id wa st
bigdata-proj-w-1 1547550037 12  0      0 12949364 209532 828440    0    0    12    28  101  151  1  0 98  0  0
bigdata-proj-w-1 1547550038  1  0      0 12942464 209532 828504    0    0     0     0 3772  972  2  3 95  0  0
bigdata-proj-w-1 1547550039  1  0      0 12942092 209532 828512    0    0     0     0 3531  590  1  1 98  0  0
bigdata-proj-w-1 1547550040  0  0      0 12942184 209532 828516    0    0     0     0 4078  615  1  1 99  0  0
bigdata-proj-w-1 1547550041  0  0      0 12941976 209532 828516    0    0     0     0 3661  641  0  1 99  0  0
bigdata-proj-w-1 1547550042  0  1      0 12942224 209532 828516    0    0     0    72 4012  625  1  1 99  0  0
bigdata-proj-w-1 1547550043  0  0      0 12944588 209532 829400    0    0     0     4  746  654  2  2 96  0  0
bigdata-proj-w-1 1547550044  0  0      0 12941548 209532 829692    0    0     0     0 3238  854  1  2 97  0  0
bigdata-proj-w-1 1547550045  2  0      0 12940876 209532 830092    0    0     0     0 3195  618  1  1 99  0  0
bigdata-proj-w-1 1547550046  0  0      0 12941088 209532 829892    0    0     0     0 4012  691  1  1 98  0  0
bigdata-proj-w-1 1547550047  0  1      0 12941108 209532 829892    0    0     0    80 4005  637  1  1 98  0  0
bigdata-proj-w-1 1547550048  0  0      0 12940892 209532 829892    0    0     0     0 4006  617  1  1 99  0  0
bigdata-proj-w-1 1547550049  0  0      0 12940900 209532 833112    0    0     0     0 1513  647  1  3 96  0  0
bigdata-proj-w-1 1547550050  0  0      0 12937684 209532 833200    0    0     0     0 2568  719  1  1 98  0  0
bigdata-proj-w-1 1547550051  0  0      0 12937592 209532 833204    0    0     0     0 3837  584  0  1 99  0  0
bigdata-proj-w-1 1547550052  0  0      0 12937656 209532 833200    0    0     0   124 4133  628  1  1 99  0  0
bigdata-proj-w-1 1547550053  0  0      0 12937796 209532 833200    0    0     0     0 4009  598  0  1 99  0  0
bigdata-proj-w-1 1547550054  0  0      0 12937592 209532 833200    0    0     0     0 4185  594  1  1 98  0  0
bigdata-proj-w-1 1547550055  2  0      0 12939400 209532 834372    0    0     0     0 2339  673  2  3 95  0  0
bigdata-proj-w-1 1547550056  0  0      0 12936608 209532 834208    0    0     0     0 1959  757  0  3 97  0  0
bigdata-proj-w-1 1547550057  0  0      0 12936844 209532 834208    0    0     0     0 4021  587  1  1 98  0  0
bigdata-proj-w-1 1547550058  3  0      0 12924956 209532 834760    0    0     0   212 5392 1955  9  3 88  0  0
bigdata-proj-w-1 1547550059  1  0      0 12817804 209532 834788    0    0     0   180 6102 3035 47  6 46  0  0
bigdata-proj-w-1 1547550060  1  0      0 12754016 209532 834992    0    0     0     0 6082 2638 50  4 46  0  0
bigdata-proj-w-1 1547550061  0  0      0 12664780 209532 836096    0    0     0   312 4175 1705 35  7 58  0  0
bigdata-proj-w-1 1547550062  0  0      0 12661888 209532 836148    0    0     0     0 1300  787  1  1 98  0  0
bigdata-proj-w-1 1547550063  4  0      0 12654352 209532 836184    0    0     0   256 5031 1419 13  2 85  1  0
bigdata-proj-w-1 1547550064  1  0      0 12462720 209532 836292    0    0     0    60 6484 2403 49  6 44  0  0
bigdata-proj-w-1 1547550065  2  0      0 12441604 209532 836488    0    0     0   204 5844 1799 59  3 38  0  0
bigdata-proj-w-1 1547550066  2  0      0 12407512 209532 836368    0    0     0   240 7004 2471 61  4 36  0  0
bigdata-proj-w-1 1547550067  1  0      0 12187212 209532 837528    0    0     0     0 5600  959 24 10 66  0  0
bigdata-proj-w-1 1547550068  1  0      0 12034148 209532 837576    0    0     0  1336 2457 1272 30  6 64  0  0
bigdata-proj-w-1 1547550069  2  0      0 11904384 209532 839104    0    0     0  2380 5982 2828 26  6 67  1  0
bigdata-proj-w-1 1547550070  0  0      0 11819092 209532 839412    0    0     0   480 5498 2089 28  4 68  1  0
bigdata-proj-w-1 1547550071  3  0      0 11816292 209536 839408    0    0     0  1284 6901 4050 25  3 71  1  0
bigdata-proj-w-1 1547550072  5  0      0 11810596 209544 839756    0    0     0  1188 6461 3203 37  3 59  2  0
bigdata-proj-w-1 1547550073  2  0      0 11789224 209564 839788    0    0     0  1408 6658 3176 39  2 57  2  0
bigdata-proj-w-1 1547550074  2  0      0 11694980 209568 841280    0    0     0  1628 3258 3587 37  6 55  2  0
bigdata-proj-w-1 1547550075  2  0      0 11688984 209580 841664    0    0     0  1972 7431 5092 33  5 60  2  0
bigdata-proj-w-1 1547550076  1  0      0 11690152 209604 841980    0    0     0  1692 6718 3458 26  2 69  3  0
bigdata-proj-w-1 1547550077  1  0      0 11685712 209604 842324    0    0     0  1612 6775 3200 32  3 63  2  0
bigdata-proj-w-1 1547550078  1  0      0 11627244 209608 842456    0    0     0  3000 6821 3368 19  4 74  2  0
bigdata-proj-w-1 1547550079  0  0      0 11479880 209616 842948    0    0     0  1504 6374 3008 16  8 74  2  0
bigdata-proj-w-1 1547550080  4  0      0 11373756 209620 844756    0    0     0  1096 4066 2716 27  8 64  1  0
bigdata-proj-w-1 1547550081  2  0      0 11368200 209640 844880    0    0     0  2664 6871 5436 29  5 62  3  0
bigdata-proj-w-1 1547550082  1  0      0 11364920 209652 845208    0    0     0  1688 6561 3129 20  2 75  2  0
bigdata-proj-w-1 1547550083  0  1      0 11360948 209652 845628    0    0     0  5100 6653 3197 36  3 59  3  0
bigdata-proj-w-1 1547550084  1  0      0 11357928 209668 845828    0    0     0  1884 6902 3359 26  4 67  2  0
bigdata-proj-w-1 1547550085  3  0      0 11348060 209680 846468    0    0     0  2576 8495 5567 37  5 55  3  0
bigdata-proj-w-1 1547550086  2  0      0 11351528 209684 847532    0    0     0  2024 4687 3535 24  3 70  3  0
bigdata-proj-w-1 1547550087  2  0      0 11349400 209700 848064    0    0     0  1568 4133 2879 15  4 79  2  0
bigdata-proj-w-1 1547550088  1  0      0 11346408 209704 848188    0    0     0  2916 6769 3366 21  3 74  2  0
bigdata-proj-w-1 1547550089  0  0      0 11347040 209708 848696    0    0     0  1600 6455 3000 22  2 73  3  0
bigdata-proj-w-1 1547550090  1  0      0 11279264 209720 849000    0    0     0  1800 6579 3164 19  4 75  2  0
bigdata-proj-w-1 1547550091  0  0      0 11160856 209732 849180    0    0     0  1400 6285 2795 16  6 76  2  0
bigdata-proj-w-1 1547550092  1  0      0 10981896 209748 850364    0    0     0  2192 6934 5795 23 11 63  2  0
bigdata-proj-w-1 1547550093  2  0      0 10957544 209756 850556    0    0     0  3592 4179 3483 21  6 70  3  0
bigdata-proj-w-1 1547550094  0  0      0 10963628 209772 850968    0    0     0  2216 7171 3644 25  4 68  3  0
bigdata-proj-w-1 1547550095  0  0      0 10960852 209796 852168    0    0     0  2160 7080 3595 22  3 71  3  0
bigdata-proj-w-1 1547550096  1  0      0 10950188 209808 852064    0    0     0  2024 7022 3498 25  3 69  3  0
bigdata-proj-w-1 1547550097  2  0      0 10948852 209816 852380    0    0     0  2564 8079 5059 24  5 68  4  0
bigdata-proj-w-1 1547550098  4  0      0 10949348 209816 853452    0    0     0  2396 6729 4754 28  5 65  2  0
bigdata-proj-w-1 1547550099  0  1      0 10945096 209832 853940    0    0     0  1688 2982 2978 16  3 78  3  0
bigdata-proj-w-1 1547550100  0  0      0 10944968 209864 854196    0    0     0  1740 6323 3061 24  2 71  3  0
bigdata-proj-w-1 1547550101  1  0      0 10942860 209872 854780    0    0     0  2040 6847 3429 24  3 70  3  0
bigdata-proj-w-1 1547550102  1  0      0 10943260 209876 854804    0    0     0  2016 6673 3343 24  3 70  3  0
bigdata-proj-w-1 1547550103  1  0      0 10941224 209888 855516    0    0     0  1848 6523 3177 27  2 69  2  0
bigdata-proj-w-1 1547550104  3  0      0 10942280 209892 856768    0    0     0  3444 6083 3191 21  5 71  2  0
bigdata-proj-w-1 1547550105  2  0      0 10943068 209916 857324    0    0     0  2864 5256 6795 29  6 63  3  0
bigdata-proj-w-1 1547550106  2  0      0 10813132 209916 857328    0    0     0  1560 6172 2772 17  9 71  2  0
bigdata-proj-w-1 1547550107  1  0      0 10775812 209920 857792    0    0     0  1972 6857 3453 21  4 72  3  0
bigdata-proj-w-1 1547550108  4  0      0 10776752 209924 857928    0    0     0  1976 6637 3173 20  2 76  3  0
bigdata-proj-w-1 1547550109  1  0      0 10778036 209932 858580    0    0     0  2972 6517 3207 20  3 74  3  0
bigdata-proj-w-1 1547550110  1  1      0 10775888 209936 859060    0    0     0  2072 6928 3373 21  3 74  3  0
bigdata-proj-w-1 1547550111  2  0      0 10778820 209940 860432    0    0     0  2200 3273 3493 24  4 68  3  0
bigdata-proj-w-1 1547550112  1  0      0 10773104 209948 860724    0    0     0  1428 5157 2520 12  3 83  2  0
bigdata-proj-w-1 1547550113  1  1      0 10773524 209956 860724    0    0     0  2904 10047 7275 22  4 70  3  0
bigdata-proj-w-1 1547550114  2  0      0 10773212 209960 861204    0    0     0  3856 7074 3629 20  2 74  4  0
bigdata-proj-w-1 1547550115  1  0      0 10770472 209972 861908    0    0     0  2196 7106 3640 23  4 70  3  0
bigdata-proj-w-1 1547550116  1  0      0 10771244 209980 861928    0    0     0  1924 6656 3266 20  3 74  3  0
bigdata-proj-w-1 1547550117  1  0      0 10774540 209988 863600    0    0     0  2008 3788 3243 24  4 69  3  0
bigdata-proj-w-1 1547550118  1  0      0 10769664 209988 863956    0    0     0  2280 5266 3589 21  4 72  3  0
bigdata-proj-w-1 1547550119  3  0      0 10770796 209996 864272    0    0     0  3264 7905 4748 25  3 70  3  0
bigdata-proj-w-1 1547550120  1  0      0 10770080 210000 864232    0    0     0  2676 8326 5247 26  3 68  3  0
bigdata-proj-w-1 1547550121  1  0      0 10765060 210016 864684    0    0     0  1992 6851 3328 23  2 72  3  0
bigdata-proj-w-1 1547550122  1  0      0 10765804 210036 865032    0    0     0  1988 6838 3384 23  2 72  3  0
bigdata-proj-w-1 1547550123  1  0      0 10769084 210040 866700    0    0     0  2040 5130 3606 22  4 72  3  0
bigdata-proj-w-1 1547550124  1  0      0 10763420 210052 867096    0    0     0  3220 4413 3381 22  4 71  3  0
bigdata-proj-w-1 1547550125  0  0      0 10763832 210052 867788    0    0     0  2000 6765 3314 21  2 74  3  0
bigdata-proj-w-1 1547550126  0  0      0 10761632 210056 867764    0    0     0  1720 6463 2974 21  3 74  3  0
bigdata-proj-w-1 1547550127  1  0      0 10761848 210060 867912    0    0     0  2420 8994 6421 27  4 66  3  0
bigdata-proj-w-1 1547550128  3  0      0 10761556 210060 868268    0    0     0  2208 7006 3585 22  3 72  3  0
bigdata-proj-w-1 1547550129  1  0      0 10764204 210064 869696    0    0     0  2468 5565 3452 23  6 68  3  0
bigdata-proj-w-1 1547550130  1  0      0 10759344 210068 869988    0    0     0  2240 3825 3580 22  3 73  3  0
bigdata-proj-w-1 1547550131  1  0      0 10756860 210080 870592    0    0     0  1980 6799 3263 21  3 73  3  0
bigdata-proj-w-1 1547550132  1  0      0 10756676 210084 870656    0    0     0  2876 8991 6264 23  5 70  3  0
bigdata-proj-w-1 1547550133  1  0      0 10755056 210084 871100    0    0     0  2072 7269 3644 23  3 70  3  0
bigdata-proj-w-1 1547550134  1  0      0 10755980 210088 871320    0    0     0  3716 6976 3440 19  3 75  3  0
bigdata-proj-w-1 1547550135  0  1      0 10751088 210096 873380    0    0     0  2284 6407 3570 22  5 70  3  0
bigdata-proj-w-1 1547550136  1  0      0 10748840 210112 873424    0    0     0  1968 2984 3387 20  4 73  2  0
bigdata-proj-w-1 1547550137  2  0      0 10746640 210112 873828    0    0     0  2208 7234 3945 22  2 73  4  0
bigdata-proj-w-1 1547550138  3  0      0 10748712 210120 874052    0    0     0  2748 8773 5870 25  4 68  3  0
bigdata-proj-w-1 1547550139  3  0      0 10748440 210120 875580    0    0     0  1500 5597 1485 48  2 49  0  0
bigdata-proj-w-1 1547550140  3  0      0 12897052 210120 873724    0    0     0   100 5341 1607 17  5 78  0  0
