HostName TimeStamp  r  b   swpd   free   buff  cache   si   so    bi    bo   in   cs us sy id wa st
bigdata-proj-m 1547550037  8  0      0 10192112 187328 1218760    0    0    16    29  259  404  2  1 97  0  0
bigdata-proj-m 1547550038  2  0      0 10111660 187328 1218920    0    0     0    32 6589 4463 34  8 58  0  0
bigdata-proj-m 1547550039  1  0      0 10056400 187328 1219172    0    0     0     0 6602 3575 54  3 43  0  0
bigdata-proj-m 1547550040  3  0      0 9995672 187328 1219180    0    0     0     0 6576 3246 53  4 43  0  0
bigdata-proj-m 1547550041  1  0      0 9868324 187328 1219176    0    0     0   156 5920 2197 56  5 40  0  0
bigdata-proj-m 1547550042  1  0      0 9823344 187328 1220052    0    0     0   144 6521 3524 41  2 57  0  0
bigdata-proj-m 1547550043  2  0      0 9769940 187328 1220460    0    0     0   392 3383 4552 48  6 45  0  0
bigdata-proj-m 1547550044  1  0      0 9731400 187328 1220620    0    0     0    28 5085 3032 16  4 80  0  0
bigdata-proj-m 1547550045  0  0      0 9730500 187328 1220620    0    0     0     0 4810 1603  1  1 98  0  0
bigdata-proj-m 1547550046  0  0      0 9730192 187332 1220596    0    0     0   152 4909 1751  1  2 97  0  0
bigdata-proj-m 1547550047  0  0      0 9730068 187332 1220596    0    0     0   312 4783 1566  1  1 99  0  0
bigdata-proj-m 1547550048  0  0      0 9730472 187332 1220596    0    0     0     0 4724 1575  0  1 98  0  0
bigdata-proj-m 1547550049  0  0      0 9732596 187332 1221568    0    0     0   100 2103 1670  2  3 95  0  0
bigdata-proj-m 1547550050  0  0      0 9729272 187332 1221632    0    0     0     0 3138 1624  1  2 97  0  0
bigdata-proj-m 1547550051  0  0      0 9729024 187340 1221632    0    0     0    64 4836 1730  0  1 98  0  0
bigdata-proj-m 1547550052  0  0      0 9729024 187340 1221636    0    0     0     0 4707 1544  1  1 98  0  0
bigdata-proj-m 1547550053  0  0      0 9740248 187340 1221636    0    0     0    12 4965 1816  1  1 98  0  0
bigdata-proj-m 1547550054  0  0      0 9740496 187340 1221628    0    0     0     0 4756 1653  1  1 98  0  0
bigdata-proj-m 1547550055  0  0      0 9743016 187340 1222604    0    0     0   100 2678 1587  2  3 96  0  0
bigdata-proj-m 1547550056  1  0      0 9739684 187344 1222668    0    0     0    76 2702 1832  2  2 96  0  0
bigdata-proj-m 1547550057  1  0      0 9734384 187348 1222720    0    0     0    52 5916 2680 20  3 78  0  0
bigdata-proj-m 1547550058  3  0      0 9680508 187356 1222840    0    0     0   136 7854 4934 50  4 46  0  0
bigdata-proj-m 1547550059  0  0      0 9670984 187356 1222848    0    0     0     4 6102 3034 27  3 70  0  0
bigdata-proj-m 1547550060  0  0      0 9669836 187356 1222852    0    0     0     0 4924 1843  2  1 97  0  0
bigdata-proj-m 1547550061  1  0      0 9665320 187356 1223844    0    0     0   116 4376 2945 10  4 86  0  0
bigdata-proj-m 1547550062  0  0      0 9660952 187356 1223900    0    0     0     0 1963 1781  3  2 96  0  0
bigdata-proj-m 1547550063  0  0      0 9658012 187364 1223900    0    0     0   224 5758 2854  7  2 91  0  0
bigdata-proj-m 1547550064  0  0      0 9640496 187364 1223900    0    0     0     0 4996 1894  2  1 97  0  0
bigdata-proj-m 1547550065  5  0      0 9639816 187364 1223904    0    0     0     0 4872 1776  2  1 97  0  0
bigdata-proj-m 1547550066  0  0      0 9625052 187364 1223904    0    0     0    12 5380 2349  8  1 90  0  0
bigdata-proj-m 1547550067  0  0      0 9627380 187364 1224888    0    0     0   100 4121 1733  2  3 95  0  0
bigdata-proj-m 1547550068  0  0      0 9622792 187372 1224952    0    0     0  1328 1295 1805  2  3 95  0  0
bigdata-proj-m 1547550069  3  0      0 9564176 187372 1224964    0    0     0    52 6969 4466 32  3 66  0  0
bigdata-proj-m 1547550070  0  0      0 9479340 187372 1224968    0    0     0    32 6201 2767 48  4 47  0  0
bigdata-proj-m 1547550071  6  0      0 9333244 187372 1226576    0    0     0  1680 7764 5892 50 11 39  0  0
bigdata-proj-m 1547550072  0  0      0 9330752 187372 1226584    0    0     0    92 6843 4010 54  3 43  0  0
bigdata-proj-m 1547550073  3  0      0 9322360 187376 1227608    0    0     0   636 8019 5928 50  4 46  0  0
bigdata-proj-m 1547550074  0  0      0 9312252 187376 1227612    0    0     0   200 3677 5088 38  4 58  0  0
bigdata-proj-m 1547550075  0  0      0 9266548 187376 1227708    0    0     0   124 9912 9928 45  6 50  0  0
bigdata-proj-m 1547550076  0  0      0 9266428 187376 1227752    0    0     0   152 8088 6157 29  3 68  0  0
bigdata-proj-m 1547550077  2  0      0 9266508 187380 1227764    0    0     0   120 7989 5952 24  2 74  1  0
bigdata-proj-m 1547550078  4  0      0 9254060 187388 1227780    0    0     0  1824 8458 6588 27  3 69  0  0
bigdata-proj-m 1547550079  0  0      0 9163304 187392 1227800    0    0     0   100 7525 5129 26  4 70  0  0
bigdata-proj-m 1547550080  5  0      0 9060912 187392 1228816    0    0     0   164 3920 4151 19  7 73  0  0
bigdata-proj-m 1547550081  6  0      0 9052388 187392 1228908    0    0     0   160 10484 12515 40  6 54  1  0
bigdata-proj-m 1547550082  0  0      0 9049388 187392 1228920    0    0     0   132 8172 5982 30  2 68  1  0
bigdata-proj-m 1547550083  3  0      0 9049876 187400 1228944    0    0     0  1844 8178 6021 17  3 79  0  0
bigdata-proj-m 1547550084  4  0      0 9045140 187400 1228956    0    0     0   136 8388 6181 24  3 73  1  0
bigdata-proj-m 1547550085  1  0      0 9031208 187400 1228972    0    0     0   156 12461 12908 31  5 63  1  0
bigdata-proj-m 1547550086  1  0      0 9031200 187400 1229988    0    0     0   244 6315 6793 19  5 76  1  0
bigdata-proj-m 1547550087  0  0      0 9025992 187400 1230084    0    0     0   116 5588 5294 25  4 71  0  0
bigdata-proj-m 1547550088  1  0      0 9026968 187404 1230100    0    0     0  1288 8361 6478 16  4 80  1  0
bigdata-proj-m 1547550089  1  0      0 9023812 187404 1230120    0    0     0   140 7710 5522 21  3 76  0  0
bigdata-proj-m 1547550090  2  0      0 8933028 187404 1230140    0    0     0   132 7975 5689 11  6 82  1  0
bigdata-proj-m 1547550091  1  0      0 8809692 187404 1230160    0    0     0   108 7774 5418 15  7 78  0  0
bigdata-proj-m 1547550092  5  1      0 8781436 187404 1231172    0    0     0   216 11876 15224 25  9 66  1  0
bigdata-proj-m 1547550093  4  0      0 8769096 187412 1231268    0    0     0  1288 6023 6420 32  4 64  1  0
bigdata-proj-m 1547550094  1  0      0 8767524 187412 1231296    0    0     0   160 8351 6225 50  3 46  1  0
bigdata-proj-m 1547550095  1  0      0 8769404 187412 1231304    0    0     0   164 8684 6655 23  4 73  1  0
bigdata-proj-m 1547550096  2  0      0 8766768 187412 1231320    0    0     0   148 8472 6392 25  3 72  1  0
bigdata-proj-m 1547550097  4  0      0 8751524 187412 1231336    0    0     0   164 9625 8263 20  4 75  1  0
bigdata-proj-m 1547550098  1  0      0 8751148 187416 1232348    0    0     0  1388 11925 14136 18  5 77  1  0
bigdata-proj-m 1547550099  1  0      0 8749952 187416 1232368    0    0     0   120 4714 5964 10  4 86  0  0
bigdata-proj-m 1547550100  1  0      0 8750560 187416 1232464    0    0     0   164 8015 5935 10  3 87  1  0
bigdata-proj-m 1547550101  1  0      0 8749344 187416 1232480    0    0     0   144 8426 6449 11  4 85  1  0
bigdata-proj-m 1547550102  3  0      0 8751236 187416 1232492    0    0     0   164 8666 6543 13  4 82  1  0
bigdata-proj-m 1547550103  2  0      0 8737536 187416 1232508    0    0     0   268 8695 6419 14  2 83  1  0
bigdata-proj-m 1547550104  4  0      0 8604860 187416 1233404    0    0     0   548 7690 5838 21  7 71  1  0
bigdata-proj-m 1547550105  2  0      0 8552692 187416 1233564    0    0     0   252 10597 17304 21  9 69  1  0
bigdata-proj-m 1547550106  1  0      0 8549748 187416 1233660    0    0     0   116 7176 5227 10  4 86  1  0
bigdata-proj-m 1547550107  2  0      0 8548652 187416 1233680    0    0     0   148 8135 6276 13  4 83  1  0
bigdata-proj-m 1547550108  5  0      0 8550076 187416 1233696    0    0     0   264 8227 6309 12  4 84  1  0
bigdata-proj-m 1547550109  0  0      0 8548664 187416 1233708    0    0     0  1256 7856 5964 13  3 83  1  0
bigdata-proj-m 1547550110  0  0      0 8550772 187416 1233732    0    0     0   160 8473 6581 14  4 82  1  0
bigdata-proj-m 1547550111  2  0      0 8551516 187416 1234776    0    0     0   252 4880 6385 17  5 77  1  0
bigdata-proj-m 1547550112  0  0      0 8545232 187416 1234872    0    0     0   112 6542 5173  8  4 88  0  0
bigdata-proj-m 1547550113  1  0      0 8533768 187420 1234892    0    0     0   248 15630 17983 21  6 73  1  0
bigdata-proj-m 1547550114  4  0      0 8535568 187420 1234912    0    0     0  1236 8712 6640 12  3 84  1  0
bigdata-proj-m 1547550115  1  0      0 8534104 187420 1234936    0    0     0   164 8490 6545 20  3 76  1  0
bigdata-proj-m 1547550116  0  0      0 8535680 187420 1234956    0    0     0   168 8357 6328 10  4 85  1  0
bigdata-proj-m 1547550117  0  0      0 8536200 187420 1236004    0    0     0   248 5183 5948 10  5 85  1  0
bigdata-proj-m 1547550118  0  0      0 8535048 187424 1236088    0    0     0   256 6943 6615 13  3 83  1  0
bigdata-proj-m 1547550119  0  0      0 8525640 187424 1236104    0    0     0  1308 9756 8800 40  3 57  0  0
bigdata-proj-m 1547550120  0  0      0 8525272 187424 1236124    0    0     0   148 13317 14778 17  6 77  1  0
bigdata-proj-m 1547550121  1  0      0 8523408 187424 1236140    0    0     0   148 8562 6419 11  3 85  1  0
bigdata-proj-m 1547550122  3  0      0 8522496 187424 1236152    0    0     0   148 8469 6261 12  3 85  1  0
bigdata-proj-m 1547550123  1  0      0 8522468 187428 1237200    0    0     0   336 6785 6550 16  6 78  1  0
bigdata-proj-m 1547550124  0  0      0 8520940 187428 1237304    0    0     0  1240 6405 6671 14  4 82  1  0
bigdata-proj-m 1547550125  4  0      0 8518880 187428 1237316    0    0     0   152 8325 6147 10  4 86  1  0
bigdata-proj-m 1547550126  2  0      0 8520624 187428 1237336    0    0     0   152 7988 5744 24  3 72  1  0
bigdata-proj-m 1547550127  1  0      0 8513020 187428 1237352    0    0     0   116 15013 18085 21  6 73  1  0
bigdata-proj-m 1547550128  0  0      0 8514544 187428 1237364    0    0     0   224 8722 6720 17  4 79  1  0
bigdata-proj-m 1547550129  1  0      0 8515448 187428 1238420    0    0     0   248 7142 6511 14  6 79  1  0
bigdata-proj-m 1547550130  2  0      0 8513220 187428 1238508    0    0     0   164 5614 6611 13  5 82  1  0
bigdata-proj-m 1547550131  1  0      0 8511892 187428 1238552    0    0     0   148 8451 6374 10  3 87  1  0
bigdata-proj-m 1547550132  0  0      0 8504388 187428 1238564    0    0     0   156 13801 15536 37  6 57  1  0
bigdata-proj-m 1547550133  1  0      0 8505204 187432 1238580    0    0     0   244 9327 6904 14  4 82  1  0
bigdata-proj-m 1547550134  0  0      0 8506776 187432 1238604    0    0     0  1584 8656 6422 11  3 85  1  0
bigdata-proj-m 1547550135  0  0      0 8507400 187432 1239656    0    0     0   264 7925 6585 23  6 71  0  0
bigdata-proj-m 1547550136  2  0      0 8506496 187432 1239760    0    0     0   148 4616 6170 23  5 71  0  0
bigdata-proj-m 1547550137  1  0      0 8503920 187432 1239772    0    0     0   184 8801 6533 31  4 65  1  0
bigdata-proj-m 1547550138  0  0      0 8500148 187436 1239792    0    0     0   296 13237 15268 21  6 72  1  0
bigdata-proj-m 1547550139  0  0      0 8500408 187436 1239800    0    0     0  1152 5413 2261  4  2 94  0  0
bigdata-proj-m 1547550140  2  0      0 9068416 187436 1239516    0    0     0    40 6218 3159 13  3 83  0  0
